0,1,0,2.81,0,4,3.0,0
0,0,1,4.16,0,12,5.0,1
0,0,1,0.31,1,16,6.0,0
0,1,0,3.56,0,7,0.0,1
0,1,0,2.71,0,6,1.0,1
0,0,1,4.62,0,10,1.0,1
0,0,1,1.7,0,13,1.0,1
0,1,0,3.4,0,0,0.0,0
0,1,0,0.65,1,0,6.0,0
0,1,0,2.21,0,12,5.0,1
0,1,0,4.11,0,16,6.0,1
1,0,0,0.55,1,17,6.0,0
0,0,1,4.26,0,7,0.0,1
1,0,0,0.26,1,17,6.0,0
1,0,0,1.47,1,12,6.0,0
1,0,0,1.84,0,19,1.0,1
1,0,0,4.26,0,2,1.0,1
1,0,0,0.23,1,14,6.0,0
1,0,0,3.11,0,0,2.0,1
0,0,1,3.46,0,5,1.0,1
0,0,1,0.68,1,4,6.0,0
0,0,1,3.05,0,10,1.0,1
1,0,0,3.56,0,17,6.0,1
0,1,0,1.08,1,9,6.0,0
0,0,1,3.88,0,0,5.0,1
0,0,1,0.38,1,1,6.0,0
1,0,0,2.46,0,16,0.0,1
1,0,0,3.71,0,2,2.0,1
0,1,0,1.14,1,18,6.0,0
1,0,0,2.17,0,5,0.0,1
1,0,0,0.18,1,4,6.0,0
0,1,0,2.0,0,14,6.0,1
1,0,0,3.09,0,1,3.0,1
1,0,0,1.69,0,5,2.0,1
0,0,1,1.49,0,9,6.0,1
1,0,0,3.41,0,14,2.0,1
0,1,0,5.0,0,16,2.0,1
0,1,0,2.7,0,1,4.0,0
0,1,0,3.5,0,12,1.0,1
0,0,1,3.28,0,7,1.0,1
0,0,1,4.41,0,1,0.0,1
0,1,0,1.3,1,18,2.0,0
0,0,1,5.0,0,1,3.0,1
0,0,1,5.0,0,9,6.0,1
0,0,1,0.28,1,0,6.0,0
0,1,0,0.26,1,0,6.0,0
1,0,0,0.97,1,8,6.0,0
1,0,0,1.84,1,6,6.0,0
0,1,0,2.26,0,14,0.0,1
0,0,1,0.14,1,6,6.0,0
0,0,1,2.26,0,15,6.0,1
1,0,0,3.38,1,8,6.0,0
1,0,0,2.33,0,8,0.0,1
0,0,1,0.87,1,2,6.0,0
1,0,0,5.0,0,1,0.0,1
1,0,0,5.0,0,17,4.0,1
1,0,0,3.48,0,2,4.0,1
1,0,0,3.79,0,4,1.0,1
1,0,0,0.53,1,15,6.0,0
0,1,0,1.83,0,1,2.0,0
1,0,0,4.14,0,14,1.0,1
0,0,1,0.62,1,3,6.0,0
0,0,1,4.36,0,11,1.0,1
0,0,1,2.26,0,1,4.0,1
1,0,0,3.83,0,4,1.0,1
0,1,0,1.62,0,16,6.0,1
0,0,1,0.3,1,4,6.0,0
0,1,0,2.24,0,2,6.0,0
0,1,0,1.18,0,9,3.0,1
0,0,1,1.68,1,12,1.0,0
1,0,0,5.0,0,9,3.0,1
1,0,0,0.51,1,13,6.0,0
1,0,0,1.81,0,4,6.0,1
0,1,0,0.5,1,18,6.0,0
1,0,0,1.25,1,17,6.0,0
1,0,0,4.56,0,18,4.0,1
1,0,0,0.86,1,3,6.0,0
0,0,1,0.59,1,7,6.0,0
0,1,0,5.0,0,6,1.0,1
0,1,0,5.0,1,14,6.0,0
1,0,0,3.23,0,17,2.0,1
1,0,0,1.12,1,16,1.0,0
1,0,0,4.06,0,18,2.0,1
0,1,0,4.42,0,17,1.0,1
0,0,1,0.04,1,18,6.0,0
1,0,0,4.75,0,9,0.0,1
0,1,0,2.9,0,9,0.0,1
0,0,1,2.09,0,11,1.0,1
0,0,1,1.9,0,8,1.0,1
1,0,0,0.81,1,6,6.0,0
0,1,0,0.76,1,5,6.0,0
0,1,0,1.29,1,0,6.0,0
0,0,1,1.29,1,7,6.0,0
0,1,0,2.08,0,18,1.0,1
0,1,0,3.0,0,0,1.0,0
0,0,1,3.05,0,18,4.0,1
0,0,1,5.0,0,2,4.0,1
0,1,0,0.12,1,6,6.0,0
0,1,0,5.0,0,0,5.0,0
0,0,1,2.43,0,14,3.0,1
0,0,1,2.89,0,7,4.0,1
1,0,0,1.26,1,18,6.0,0
0,1,0,3.86,1,19,1.0,0
1,0,0,1.78,0,4,2.0,1
0,1,0,2.46,0,4,4.0,0
1,0,0,1.92,0,6,1.0,1
0,1,0,3.1,0,11,4.0,1
0,0,1,0.23,1,3,6.0,0
1,0,0,2.3,0,11,0.0,1
0,0,1,1.65,1,3,6.0,0
0,0,1,0.52,1,10,6.0,0
0,1,0,2.81,0,6,6.0,1
0,1,0,2.72,0,11,3.0,1
1,0,0,1.5,1,11,6.0,0
1,0,0,2.11,0,12,6.0,1
1,0,0,2.1,0,3,1.0,1
0,0,1,1.01,1,16,6.0,0
1,0,0,0.9,1,19,6.0,0
1,0,0,5.0,0,10,2.0,1
1,0,0,2.32,0,13,1.0,1
0,1,0,1.95,0,19,5.0,1
0,1,0,4.75,0,10,3.0,1
0,1,0,2.61,0,5,3.0,1
0,0,1,1.11,0,18,6.0,1
0,0,1,2.4,0,15,3.0,1
0,1,0,5.0,0,3,2.0,0
0,1,0,0.41,1,5,6.0,0
0,0,1,2.76,0,16,1.0,1
0,0,1,1.74,0,3,3.0,1
0,1,0,0.05,1,10,6.0,0
0,1,0,4.05,0,6,1.0,1
1,0,0,2.84,0,1,3.0,1
1,0,0,0.38,1,12,6.0,0
0,0,1,5.0,1,9,6.0,0
1,0,0,2.84,0,9,6.0,1
1,0,0,3.09,0,2,4.0,1
0,1,0,2.14,0,5,6.0,1
0,1,0,3.22,0,11,6.0,1
0,1,0,5.0,0,7,2.0,1
0,1,0,5.0,0,15,1.0,1
0,0,1,1.06,1,1,6.0,0
1,0,0,1.83,0,4,6.0,1
0,1,0,0.78,1,5,6.0,0
0,1,0,0.99,1,17,6.0,0
0,0,1,1.1,1,17,6.0,0
1,0,0,1.81,1,2,6.0,0
0,1,0,1.25,1,12,6.0,0
0,0,1,4.18,0,7,3.0,1
0,0,1,3.03,0,5,4.0,1
0,1,0,5.0,0,18,4.0,1
0,0,1,4.15,0,18,1.0,1
1,0,0,1.34,0,0,2.0,1
1,0,0,1.2,1,9,6.0,0
1,0,0,0.1,1,11,6.0,0
0,0,1,3.42,0,11,0.0,1
0,1,0,2.07,0,9,1.0,1
1,0,0,2.39,0,15,6.0,1
0,0,1,1.28,1,3,6.0,0
0,0,1,5.0,0,7,4.0,1
1,0,0,2.71,0,13,1.0,1
0,0,1,0.14,1,18,6.0,0
0,0,1,1.7,0,0,6.0,1
0,0,1,4.26,0,17,2.0,1
0,1,0,1.91,0,5,3.0,1
1,0,0,0.07,1,17,6.0,0
0,1,0,1.58,0,8,6.0,1
0,1,0,1.53,1,10,4.0,0
0,1,0,5.0,0,4,6.0,0
0,1,0,0.01,1,14,6.0,0
0,0,1,2.04,0,7,3.0,1
1,0,0,5.0,0,7,1.0,1
0,1,0,1.83,0,2,6.0,0
1,0,0,5.0,0,15,2.0,1
0,0,1,0.44,1,19,6.0,0
0,0,1,2.64,0,2,1.0,1
0,1,0,5.0,0,5,0.0,1
0,0,1,1.07,0,8,1.0,1
0,0,1,2.6,0,6,3.0,1
0,0,1,0.55,1,6,6.0,0
0,1,0,2.07,1,0,4.0,0
0,1,0,4.55,0,19,2.0,1
1,0,0,0.44,1,16,6.0,0
0,0,1,0.6,1,11,6.0,0
1,0,0,2.65,0,5,1.0,1
0,0,1,2.22,0,17,4.0,1
0,1,0,0.3,1,9,6.0,0
0,1,0,0.68,1,4,6.0,0
0,1,0,1.0,1,16,6.0,0
1,0,0,1.24,1,18,1.0,0
1,0,0,2.4,0,19,0.0,1
1,0,0,2.27,0,13,2.0,1
0,1,0,5.0,0,11,2.0,1
1,0,0,1.81,0,15,6.0,1
1,0,0,2.26,0,9,0.0,1
0,1,0,2.74,0,4,6.0,0
0,1,0,2.45,0,14,0.0,1
0,1,0,2.64,0,2,2.0,0
1,0,0,0.11,1,7,6.0,0
1,0,0,1.06,1,17,6.0,0
0,1,0,0.89,1,17,6.0,0
1,0,0,2.79,0,3,1.0,1
0,1,0,1.46,0,4,6.0,0
1,0,0,1.64,0,11,1.0,1
0,0,1,1.02,1,8,6.0,0
0,1,0,0.98,1,7,6.0,0
0,1,0,1.96,0,10,6.0,1
0,1,0,1.18,1,14,6.0,0
1,0,0,0.96,1,12,6.0,0
0,0,1,1.46,0,19,5.0,1
0,1,0,0.12,1,15,6.0,0
1,0,0,5.0,0,6,0.0,1
0,0,1,2.29,0,7,6.0,1
1,0,0,5.0,0,16,3.0,1
0,1,0,1.14,1,4,1.0,0
1,0,0,4.59,0,9,3.0,1
1,0,0,2.48,1,14,6.0,0
0,1,0,2.32,0,19,1.0,1
0,0,1,0.05,1,9,6.0,0
1,0,0,2.45,0,16,3.0,1
0,1,0,2.7,1,3,6.0,0
0,0,1,0.08,1,14,6.0,0
0,1,0,1.49,0,7,1.0,1
0,1,0,5.0,0,4,4.0,0
0,0,1,1.16,1,16,1.0,0
0,0,1,1.6,0,13,4.0,1
1,0,0,2.25,0,14,4.0,1
1,0,0,0.5,1,5,6.0,0
1,0,0,0.81,1,14,6.0,0
0,1,0,1.48,0,13,1.0,1
1,0,0,2.46,0,11,0.0,1
0,1,0,5.0,0,17,3.0,1
0,1,0,2.93,0,12,6.0,1
1,0,0,1.24,0,18,6.0,1
0,1,0,3.76,0,1,1.0,0
0,0,1,0.03,1,1,6.0,0
1,0,0,4.46,0,11,5.0,1
0,1,0,1.43,1,1,6.0,0
0,0,1,3.66,0,4,2.0,1
0,1,0,2.56,0,12,3.0,1
1,0,0,1.2,1,15,6.0,0
0,0,1,3.06,0,2,2.0,1
1,0,0,1.42,1,17,1.0,0
0,0,1,2.08,0,2,3.0,1
0,0,1,4.06,0,9,0.0,1
1,0,0,1.5,1,18,6.0,0
0,1,0,1.04,1,10,6.0,0
0,1,0,1.67,0,10,6.0,1
1,0,0,2.66,0,3,3.0,1
0,1,0,0.67,1,0,6.0,0
0,1,0,0.38,1,14,6.0,0
0,1,0,3.56,0,2,5.0,0
0,0,1,1.85,0,17,0.0,1
0,1,0,2.17,0,7,1.0,1
0,1,0,2.64,0,7,1.0,1
0,1,0,1.58,0,18,6.0,1
1,0,0,2.17,0,3,6.0,1
0,0,1,0.6,1,8,6.0,0
1,0,0,0.99,1,8,6.0,0
0,1,0,5.0,1,10,5.0,0
0,0,1,1.41,1,0,6.0,0
1,0,0,1.0,1,8,-597.0,0
0,0,1,2.67,0,6,1.0,1
0,0,1,0.48,1,2,6.0,0
1,0,0,4.16,0,0,2.0,1
1,0,0,1.49,0,10,1.0,1
0,1,0,2.6,0,19,1.0,1
0,1,0,1.77,0,15,3.0,1
1,0,0,1.69,0,10,6.0,1
0,1,0,0.79,1,2,6.0,0
0,0,1,2.51,0,0,1.0,1
0,0,1,2.18,1,5,6.0,0
0,0,1,2.5,0,17,2.0,1
1,0,0,0.61,1,4,6.0,0
0,1,0,5.0,0,10,1.0,1
0,1,0,2.33,0,9,0.0,1
1,0,0,1.36,0,11,6.0,1
0,1,0,0.71,1,16,6.0,0
1,0,0,1.33,0,10,6.0,1
0,0,1,5.0,0,0,2.0,1
0,1,0,3.53,0,6,6.0,1
1,0,0,1.88,0,8,6.0,1
1,0,0,1.17,1,18,6.0,0
1,0,0,1.46,1,19,6.0,0
0,1,0,0.78,1,16,6.0,0
0,0,1,1.45,0,9,1.0,1
0,0,1,2.75,0,18,6.0,1
1,0,0,1.38,1,1,2.0,0
1,0,0,2.21,0,8,6.0,1
1,0,0,1.56,0,5,4.0,1
0,0,1,1.94,0,9,3.0,1
0,0,1,2.71,1,2,5.0,0
1,0,0,0.93,1,16,6.0,0
0,0,1,1.85,0,14,2.0,1
0,1,0,0.25,1,4,6.0,0
1,0,0,4.08,0,7,4.0,1
1,0,0,0.57,1,11,6.0,0
0,0,1,1.2,1,10,6.0,0
0,0,1,5.0,1,1,6.0,0
0,0,1,4.88,0,7,3.0,1
1,0,0,0.58,1,0,6.0,0
0,1,0,5.0,0,0,3.0,0
1,0,0,3.03,0,14,2.0,1
0,0,1,3.78,0,12,1.0,1
1,0,0,1.39,0,8,6.0,1
0,0,1,2.56,0,13,1.0,1
1,0,0,4.72,0,2,5.0,1
0,1,0,3.69,0,1,2.0,0
1,0,0,0.58,1,13,6.0,0
0,0,1,0.87,1,9,6.0,0
0,1,0,0.15,1,3,6.0,0
1,0,0,0.87,1,12,6.0,0
1,0,0,1.39,1,6,6.0,0
0,1,0,4.51,1,4,6.0,0
0,1,0,0.45,1,12,6.0,0
0,1,0,0.64,1,4,6.0,0
1,0,0,0.64,1,16,6.0,0
0,0,1,1.78,1,18,6.0,0
1,0,0,2.95,0,11,0.0,1
0,1,0,1.78,0,1,1.0,0
0,1,0,1.6,0,10,1.0,1
0,0,1,2.67,0,0,3.0,1
1,0,0,0.29,1,12,6.0,0
0,1,0,1.03,1,17,6.0,0
0,1,0,4.23,1,12,6.0,0
1,0,0,5.0,0,4,3.0,1
0,0,1,0.32,1,8,6.0,0
1,0,0,0.28,1,12,6.0,0
0,1,0,1.93,0,3,6.0,0
0,0,1,5.0,0,17,6.0,1
0,0,1,5.0,0,4,6.0,1
0,1,0,3.75,0,4,2.0,0
1,0,0,2.68,0,19,2.0,1
0,1,0,1.61,1,2,6.0,0
1,0,0,2.34,0,16,6.0,1
0,0,1,2.02,0,0,1.0,1
0,0,1,1.48,1,16,6.0,0
1,0,0,2.31,0,15,6.0,1
0,0,1,0.94,1,14,6.0,0
0,1,0,2.59,0,13,0.0,1
0,0,1,0.18,1,6,6.0,0
0,1,0,4.02,0,11,3.0,1
0,0,1,0.22,1,7,6.0,0
0,0,1,3.86,0,9,1.0,1
0,0,1,1.87,0,16,1.0,1
0,1,0,0.79,1,1,6.0,0
0,1,0,2.3,0,7,1.0,1
0,1,0,1.52,0,4,5.0,0
0,1,0,2.75,0,1,5.0,0
0,1,0,5.0,0,14,0.0,1
0,1,0,1.51,0,17,2.0,1
1,0,0,0.49,1,4,6.0,0
1,0,0,0.76,1,9,6.0,0
1,0,0,2.14,0,3,2.0,1
0,0,1,3.36,0,7,1.0,1
0,1,0,1.35,1,19,6.0,0
0,0,1,3.82,0,19,0.0,1
0,1,0,0.93,1,2,6.0,0
0,1,0,0.26,1,8,6.0,0
0,0,1,3.25,0,5,6.0,1
0,0,1,3.46,0,11,1.0,1
0,0,1,5.0,0,11,5.0,1
0,0,1,0.05,1,2,6.0,0
0,1,0,3.2,0,3,3.0,0
1,0,0,1.96,0,5,5.0,1
1,0,0,5.0,0,19,6.0,1
1,0,0,4.94,0,15,4.0,1
1,0,0,1.26,1,0,6.0,0
1,0,0,0.92,1,16,6.0,0
0,1,0,1.85,0,14,0.0,1
0,0,1,2.57,0,5,6.0,1
0,0,1,3.11,0,16,6.0,1
0,1,0,3.88,0,6,6.0,1
0,1,0,1.18,1,15,6.0,0
0,0,1,2.87,0,6,6.0,1
0,0,1,0.35,1,12,6.0,0
1,0,0,1.68,0,18,4.0,1
1,0,0,1.92,1,17,6.0,0
1,0,0,0.18,1,19,6.0,0
0,0,1,5.0,0,10,4.0,1
0,1,0,1.49,1,17,6.0,0
0,1,0,2.0,0,9,2.0,1
0,1,0,0.44,1,10,6.0,0
0,1,0,2.36,0,12,6.0,1
0,1,0,1.55,0,9,6.0,1
0,1,0,3.7,0,10,6.0,1
0,1,0,4.83,0,19,2.0,1
0,1,0,4.63,0,10,4.0,1
1,0,0,1.39,0,17,6.0,1
0,0,1,2.21,0,19,4.0,1
1,0,0,5.0,0,11,6.0,1
1,0,0,0.0,1,10,6.0,0
0,0,1,0.81,1,10,6.0,0
0,1,0,2.85,0,10,1.0,1
0,0,1,1.6,0,10,6.0,1
0,0,1,2.2,1,8,6.0,0
0,1,0,4.17,0,13,1.0,1
0,0,1,0.41,1,4,6.0,0
0,0,1,0.12,1,17,6.0,0
0,1,0,1.21,0,15,3.0,1
0,1,0,0.4,1,5,6.0,0
0,1,0,2.33,0,5,1.0,1
1,0,0,1.32,1,15,6.0,0
0,0,1,5.0,0,3,5.0,1
0,0,1,3.06,0,9,1.0,1
0,1,0,2.35,0,3,4.0,0
0,1,0,3.48,0,11,1.0,1
0,0,1,1.33,1,7,6.0,0
0,0,1,1.41,1,10,6.0,0
0,1,0,0.06,1,18,6.0,0
1,0,0,1.31,0,17,6.0,1
1,0,0,2.71,0,1,2.0,1
0,0,1,2.67,0,1,4.0,1
1,0,0,0.41,1,9,6.0,0
1,0,0,1.65,0,19,6.0,1
0,1,0,0.72,1,4,6.0,0
1,0,0,5.0,0,3,2.0,1
0,0,1,0.07,1,9,6.0,0
0,0,1,0.5,1,10,6.0,0
1,0,0,3.64,0,2,6.0,1
0,0,1,2.86,0,0,6.0,1
0,1,0,1.55,0,13,2.0,1
1,0,0,0.54,1,8,6.0,0
0,1,0,5.0,0,8,3.0,1
1,0,0,5.0,0,14,6.0,1
1,0,0,4.5,0,18,2.0,1
0,0,1,0.06,1,13,6.0,0
1,0,0,2.31,0,10,1.0,1
0,1,0,2.29,0,5,1.0,1
0,1,0,0.37,1,13,6.0,0
0,1,0,0.07,1,19,6.0,0
0,1,0,2.23,0,9,3.0,1
0,0,1,0.4,1,8,6.0,0
1,0,0,2.04,0,17,2.0,1
0,0,1,1.79,0,5,6.0,1
1,0,0,2.93,0,3,6.0,1
0,0,1,1.34,1,19,6.0,0
1,0,0,0.72,1,15,6.0,0
1,0,0,3.14,0,0,6.0,1
0,0,1,1.49,0,4,6.0,1
1,0,0,1.64,0,5,1.0,1
0,1,0,5.0,0,19,0.0,1
1,0,0,2.35,0,15,2.0,1
0,0,1,1.19,0,3,6.0,1
1,0,0,2.62,0,10,3.0,1
0,0,1,0.05,1,19,6.0,0
1,0,0,0.4,1,15,6.0,0
0,0,1,1.58,0,10,0.0,1
0,1,0,0.47,1,5,6.0,0
0,0,1,3.77,0,19,6.0,1
1,0,0,1.12,1,13,6.0,0
1,0,0,1.3,1,6,6.0,0
1,0,0,2.52,0,8,1.0,1
1,0,0,3.45,0,3,1.0,1
0,1,0,4.23,0,1,2.0,0
1,0,0,0.0,1,8,6.0,0
0,1,0,1.84,0,4,6.0,0
1,0,0,5.0,0,2,1.0,1
0,1,0,2.57,0,15,0.0,1
1,0,0,0.35,1,16,6.0,0
0,1,0,2.78,0,7,6.0,1
1,0,0,3.91,0,13,3.0,1
1,0,0,5.0,0,12,4.0,1
0,0,1,2.24,0,1,4.0,1
0,1,0,0.43,1,17,6.0,0
0,1,0,2.03,0,2,1.0,0
1,0,0,0.93,1,17,6.0,0
0,1,0,1.55,0,3,6.0,0
1,0,0,2.84,0,7,4.0,1
0,0,1,2.6,0,1,3.0,1
0,1,0,2.83,0,3,6.0,0
0,1,0,4.44,0,10,1.0,1
0,1,0,5.0,0,9,4.0,1
0,1,0,2.15,0,19,6.0,1
0,1,0,2.19,0,12,2.0,1
0,0,1,2.02,1,18,6.0,0
0,1,0,0.58,1,15,6.0,0
0,0,1,1.77,1,17,6.0,0
1,0,0,3.06,0,17,1.0,1
0,1,0,1.57,1,5,3.0,0
0,1,0,2.17,0,4,6.0,0
1,0,0,1.73,0,17,2.0,1
1,0,0,1.3,0,4,5.0,1
0,0,1,4.13,1,10,5.0,0
0,0,1,1.11,1,5,6.0,0
0,0,1,1.25,0,16,2.0,1
0,1,0,0.83,1,1,6.0,0
0,1,0,3.94,0,9,1.0,1
1,0,0,1.51,0,7,2.0,1
1,0,0,0.34,1,16,6.0,0
1,0,0,0.62,1,0,6.0,0
0,0,1,1.86,0,15,3.0,1
1,0,0,2.5,0,8,6.0,1
0,0,1,4.41,0,14,3.0,1
1,0,0,3.8,0,6,0.0,1
0,1,0,1.16,1,9,6.0,0
0,1,0,0.37,1,5,6.0,0
0,1,0,1.3,1,9,4.0,0
0,0,1,5.0,0,1,6.0,1
0,0,1,0.44,1,11,6.0,0
0,0,1,1.68,1,8,6.0,0
0,1,0,4.82,0,9,0.0,1
1,0,0,1.32,1,8,6.0,0
0,0,1,1.18,1,2,6.0,0
1,0,0,0.26,1,4,6.0,0
0,1,0,2.45,0,5,6.0,1
0,1,0,1.06,1,9,6.0,0
1,0,0,5.0,0,13,5.0,1
0,0,1,1.55,0,17,3.0,1
1,0,0,0.7,1,5,6.0,0
1,0,0,2.36,0,16,3.0,1
0,1,0,0.96,1,7,6.0,0
0,0,1,3.41,0,11,3.0,1
0,1,0,3.23,0,9,5.0,1
0,1,0,4.7,0,16,1.0,1
0,0,1,2.22,0,3,6.0,1
0,0,1,1.11,1,4,6.0,0
0,1,0,2.22,0,1,6.0,0
0,1,0,1.52,0,4,3.0,0
0,1,0,3.5,0,7,3.0,1
0,0,1,3.63,0,10,6.0,1
0,0,1,0.24,1,6,6.0,0
0,1,0,4.77,0,0,6.0,0
1,0,0,2.07,0,3,6.0,1
0,1,0,1.84,0,6,6.0,1
0,0,1,0.39,1,4,6.0,0
0,0,1,3.51,0,6,3.0,1
0,0,1,5.0,0,9,3.0,1
0,0,1,0.52,1,3,6.0,0
0,0,1,1.76,0,16,1.0,1
1,0,0,4.18,0,15,1.0,1
1,0,0,3.39,0,3,1.0,1
0,0,1,2.13,0,4,4.0,1
0,1,0,5.0,0,4,2.0,0
0,0,1,2.31,0,10,0.0,1
0,0,1,0.83,1,8,6.0,0
0,0,1,1.52,0,16,6.0,1
0,0,1,3.01,0,5,1.0,1
1,0,0,1.89,0,13,4.0,1
0,0,1,2.84,0,0,6.0,1
1,0,0,0.62,1,9,6.0,0
0,1,0,0.66,1,3,6.0,0
0,0,1,2.58,0,4,3.0,1
0,0,1,0.03,1,16,6.0,0
1,0,0,5.0,0,1,3.0,1
0,1,0,4.49,0,12,1.0,1
0,0,1,1.75,0,15,1.0,1
1,0,0,0.48,1,6,6.0,0
0,0,1,5.0,0,14,3.0,1
0,1,0,2.42,0,2,1.0,0
0,0,1,2.04,0,17,4.0,1
0,1,0,5.0,0,6,4.0,1
0,0,1,2.99,0,14,6.0,1
1,0,0,1.16,1,11,6.0,0
0,1,0,2.09,0,18,1.0,1
1,0,0,5.0,1,12,6.0,0
1,0,0,4.12,0,13,1.0,1
1,0,0,2.98,0,8,4.0,1
1,0,0,1.08,1,0,1.0,0
0,0,1,5.0,0,14,5.0,1
1,0,0,1.18,1,11,6.0,0
0,0,1,5.0,0,9,1.0,1
0,1,0,1.73,1,18,6.0,0
0,0,1,0.58,1,17,6.0,0
1,0,0,3.91,0,1,6.0,1
0,1,0,4.62,0,6,0.0,1
1,0,0,3.71,0,2,5.0,1
1,0,0,1.77,0,10,1.0,1
1,0,0,0.12,1,4,6.0,0
0,1,0,1.09,0,18,6.0,1
1,0,0,2.04,0,12,2.0,1
1,0,0,0.29,1,8,6.0,0
0,1,0,0.87,1,14,6.0,0
0,0,1,3.12,0,6,1.0,1
1,0,0,4.67,0,13,6.0,1
0,1,0,5.0,0,6,6.0,1
0,1,0,0.31,1,14,6.0,0
1,0,0,2.19,1,13,6.0,0
0,1,0,1.69,1,16,6.0,0
1,0,0,0.27,1,19,6.0,0
0,1,0,1.06,1,2,6.0,0
1,0,0,1.05,1,1,6.0,0
0,1,0,2.94,0,0,1.0,0
0,0,1,0.78,1,6,6.0,0
0,0,1,0.57,1,14,6.0,0
0,0,1,5.0,0,1,0.0,1
0,0,1,1.11,1,17,6.0,0
1,0,0,0.86,1,18,6.0,0
1,0,0,5.0,0,18,2.0,1
0,1,0,0.14,1,16,6.0,0
0,0,1,4.92,0,19,5.0,1
0,0,1,3.9,0,6,1.0,1
0,1,0,0.7,1,19,6.0,0
1,0,0,1.33,0,13,6.0,1
0,0,1,1.53,1,11,6.0,0
0,0,1,2.1,0,2,6.0,1
0,1,0,0.45,1,18,6.0,0
1,0,0,0.16,1,10,6.0,0
1,0,0,0.48,1,8,6.0,0
0,0,1,3.37,0,18,0.0,1
0,1,0,0.57,1,6,6.0,0
0,1,0,1.75,1,5,6.0,0
1,0,0,4.13,0,4,2.0,1
0,0,1,0.49,1,10,6.0,0
0,1,0,1.62,1,12,3.0,0
0,1,0,1.86,0,9,1.0,1
0,0,1,1.84,0,10,6.0,1
0,1,0,1.34,0,5,6.0,1
0,0,1,2.51,0,5,1.0,1
1,0,0,2.81,0,19,2.0,1
1,0,0,3.31,0,2,1.0,1
0,1,0,0.09,1,13,6.0,0
0,0,1,0.36,1,9,6.0,0
0,1,0,3.49,1,19,6.0,0
0,1,0,3.3,0,19,6.0,1
1,0,0,1.47,0,0,6.0,1
0,0,1,1.56,0,16,4.0,1
1,0,0,2.59,0,11,4.0,1
1,0,0,1.74,0,8,6.0,1
0,0,1,0.4,1,7,6.0,0
1,0,0,1.01,1,13,6.0,0
0,0,1,2.58,0,4,1.0,1
0,0,1,0.33,1,3,6.0,0
0,1,0,0.24,1,8,6.0,0
1,0,0,0.5,1,4,6.0,0
0,1,0,5.0,0,16,5.0,1
0,0,1,1.68,0,8,6.0,1
0,0,1,2.61,0,18,0.0,1
0,0,1,2.15,1,18,5.0,0
1,0,0,0.46,1,0,6.0,0
0,1,0,4.15,0,8,5.0,1
0,0,1,0.98,1,11,6.0,0
1,0,0,0.77,1,7,6.0,0
0,1,0,0.59,1,6,6.0,0
0,0,1,3.44,0,14,2.0,1
1,0,0,0.5,1,16,6.0,0
0,1,0,0.04,1,10,6.0,0
0,1,0,3.25,0,6,1.0,1
0,0,1,4.85,0,11,1.0,1
1,0,0,1.93,0,4,6.0,1
1,0,0,0.25,1,2,6.0,0
1,0,0,4.31,0,9,2.0,1
0,1,0,1.59,0,3,1.0,0
0,1,0,1.54,0,1,6.0,0
1,0,0,1.89,0,11,4.0,1
0,0,1,5.0,0,16,5.0,1
1,0,0,0.06,1,17,6.0,0
1,0,0,0.78,1,12,6.0,0
0,1,0,2.44,0,14,0.0,1
0,1,0,0.06,1,10,6.0,0
1,0,0,4.36,0,10,1.0,1
0,0,1,4.74,0,12,0.0,1
0,1,0,1.56,1,2,1.0,0
1,0,0,0.4,1,13,6.0,0
1,0,0,2.23,0,9,1.0,1
0,0,1,0.01,1,2,6.0,0
0,0,1,2.44,0,1,1.0,1
0,1,0,5.0,0,14,3.0,1
0,1,0,3.56,0,5,1.0,1
0,1,0,0.13,1,3,6.0,0
0,0,1,1.53,1,8,6.0,0
0,1,0,0.87,1,3,6.0,0
0,1,0,1.68,0,9,1.0,1
0,1,0,0.66,1,5,6.0,0
1,0,0,2.51,0,11,4.0,1
0,1,0,2.97,0,7,6.0,1
0,0,1,0.37,1,4,6.0,0
0,0,1,2.87,0,6,0.0,1
0,1,0,2.75,0,15,3.0,1
0,0,1,0.69,1,18,6.0,0
0,1,0,1.62,0,11,1.0,1
1,0,0,0.74,1,10,6.0,0
0,1,0,2.1,0,18,2.0,1
0,0,1,5.0,0,3,2.0,1
0,1,0,1.26,1,19,6.0,0
0,0,1,1.85,0,5,1.0,1
1,0,0,2.18,0,8,2.0,1
0,1,0,0.58,1,4,6.0,0
0,0,1,1.21,1,7,6.0,0
0,1,0,3.07,0,14,2.0,1
0,1,0,2.18,0,7,2.0,1
0,1,0,2.73,0,4,6.0,0
1,0,0,2.63,0,14,1.0,1
1,0,0,1.48,1,2,6.0,0
1,0,0,0.45,1,16,6.0,0
1,0,0,2.66,0,15,1.0,1
1,0,0,2.7,0,7,0.0,1
0,1,0,1.79,0,1,6.0,0
0,0,1,1.07,1,13,6.0,0
1,0,0,0.99,1,2,6.0,0
0,1,0,3.56,0,4,4.0,0
1,0,0,1.1,1,15,6.0,0
1,0,0,5.0,0,7,6.0,1
0,1,0,3.9,0,0,6.0,0
1,0,0,0.07,1,0,6.0,0
0,0,1,1.11,0,15,3.0,1
0,1,0,2.38,1,7,6.0,0
1,0,0,2.27,0,15,4.0,1
1,0,0,1.01,1,11,6.0,0
0,1,0,2.54,0,8,2.0,1
1,0,0,0.8,1,10,6.0,0
1,0,0,1.95,0,4,5.0,1
0,1,0,5.0,1,6,6.0,0
0,0,1,3.36,1,17,1.0,0
0,1,0,2.87,0,15,5.0,1
1,0,0,1.26,1,16,4.0,0
1,0,0,4.85,0,5,1.0,1
0,1,0,0.05,1,8,6.0,0
0,0,1,4.2,0,8,0.0,1
0,1,0,4.12,0,18,0.0,1
0,0,1,1.95,0,8,1.0,1
1,0,0,1.06,1,7,6.0,0
0,0,1,1.03,1,17,6.0,0
1,0,0,1.55,0,2,5.0,1
0,1,0,3.53,0,4,6.0,0
0,1,0,0.99,1,18,6.0,0
0,0,1,2.7,0,11,0.0,1
1,0,0,1.35,0,11,6.0,1
1,0,0,3.84,0,10,2.0,1
0,0,1,2.2,0,12,1.0,1
0,1,0,1.18,1,3,6.0,0
0,0,1,2.99,0,12,6.0,1
0,0,1,2.09,0,3,5.0,1
0,0,1,2.74,0,14,2.0,1
0,1,0,2.38,0,5,2.0,1
1,0,0,5.0,0,12,1.0,1
1,0,0,0.08,1,17,6.0,0
0,1,0,2.36,0,19,0.0,1
0,1,0,1.02,1,12,3.0,0
0,1,0,2.78,0,10,0.0,1
0,0,1,5.0,0,12,3.0,1
1,0,0,3.23,0,6,2.0,1
0,1,0,1.11,1,6,6.0,0
0,0,1,3.55,0,7,1.0,1
1,0,0,1.43,1,9,1.0,0
1,0,0,2.34,0,4,0.0,1
0,1,0,0.06,1,6,6.0,0
1,0,0,0.41,1,19,6.0,0
1,0,0,1.4,0,17,4.0,1
0,0,1,1.43,1,2,6.0,0
0,1,0,1.31,1,17,6.0,0
0,1,0,5.0,0,9,1.0,1
0,1,0,4.44,0,2,2.0,0
1,0,0,2.59,0,8,4.0,1
0,0,1,0.07,1,14,6.0,0
1,0,0,1.68,0,10,6.0,1
0,1,0,0.33,1,3,6.0,0
1,0,0,2.6,0,12,5.0,1
0,0,1,1.6,0,6,6.0,1
0,0,1,0.21,1,2,6.0,0
0,0,1,2.17,0,1,0.0,1
0,1,0,0.2,1,14,6.0,0
1,0,0,3.9,0,10,4.0,1
0,0,1,2.36,0,5,3.0,1
0,0,1,0.8,1,8,6.0,0
0,0,1,0.99,1,17,6.0,0
0,1,0,0.56,1,19,6.0,0
0,1,0,3.61,0,12,1.0,1
0,0,1,0.96,1,8,6.0,0
0,0,1,2.4,0,1,6.0,1
0,1,0,2.03,0,4,1.0,0
0,0,1,5.0,0,18,4.0,1
0,1,0,2.16,0,2,2.0,0
1,0,0,3.24,0,0,0.0,1
0,0,1,2.61,0,14,6.0,1
1,0,0,2.1,0,19,6.0,1
0,1,0,2.51,1,4,2.0,0
1,0,0,1.92,0,9,1.0,1
0,0,1,4.97,0,16,2.0,1
0,0,1,1.26,1,9,6.0,0
1,0,0,1.52,0,14,2.0,1
1,0,0,2.86,0,2,1.0,1
0,1,0,2.67,0,8,6.0,1
0,1,0,1.65,0,14,6.0,1
0,1,0,5.0,0,12,3.0,1
0,0,1,4.79,0,0,6.0,1
0,1,0,0.93,1,4,6.0,0
0,0,1,1.31,0,14,2.0,1
0,0,1,0.37,1,6,6.0,0
0,1,0,0.45,1,5,6.0,0
0,1,0,4.1,0,18,2.0,1
1,0,0,2.96,1,9,6.0,0
0,1,0,3.95,0,3,3.0,0
1,0,0,4.91,0,1,2.0,1
0,0,1,0.93,1,2,6.0,0
0,1,0,0.11,1,8,6.0,0
0,1,0,3.24,0,10,1.0,1
0,1,0,2.08,0,8,1.0,1
0,0,1,2.09,0,7,4.0,1
0,1,0,2.21,0,0,1.0,0
0,1,0,4.0,0,17,1.0,1
0,1,0,1.57,1,3,6.0,0
1,0,0,4.47,0,8,0.0,1
1,0,0,1.02,1,4,6.0,0
0,1,0,4.84,0,10,1.0,1
1,0,0,2.38,0,2,6.0,1
0,1,0,1.44,1,12,6.0,0
0,0,1,3.7,0,1,2.0,1
0,0,1,0.79,1,0,6.0,0
0,1,0,0.18,1,12,6.0,0
0,0,1,2.91,0,9,1.0,1
0,1,0,2.2,0,3,4.0,0
0,0,1,5.0,0,18,1.0,1
0,0,1,1.04,1,2,6.0,0
1,0,0,2.95,0,1,4.0,1
0,1,0,4.29,0,8,0.0,1
0,1,0,3.96,0,15,3.0,1
0,0,1,1.88,0,6,6.0,1
1,0,0,5.0,0,14,1.0,1
1,0,0,0.83,1,6,6.0,0
0,1,0,4.24,0,4,2.0,0
0,1,0,0.93,1,3,6.0,0
1,0,0,2.97,0,18,1.0,1
0,0,1,2.5,0,11,6.0,1
0,1,0,5.0,0,12,6.0,1
0,1,0,0.74,1,13,6.0,0
0,1,0,1.68,0,15,3.0,1
0,1,0,0.45,1,6,6.0,0
1,0,0,0.31,1,12,6.0,0
0,1,0,0.48,1,14,6.0,0
0,1,0,0.16,1,13,6.0,0
0,1,0,1.54,1,18,6.0,0
0,0,1,4.88,0,14,6.0,1
0,0,1,2.8,1,3,6.0,0
1,0,0,1.82,0,14,4.0,1
1,0,0,3.58,0,16,1.0,1
0,0,1,2.04,0,15,1.0,1
0,0,1,0.03,1,8,6.0,0
1,0,0,0.15,1,16,6.0,0
1,0,0,1.73,1,8,6.0,0
0,1,0,3.03,0,18,0.0,1
1,0,0,2.79,0,6,1.0,1
0,0,1,5.0,0,12,1.0,1
0,1,0,2.91,0,4,3.0,0
0,1,0,4.83,0,11,2.0,1
1,0,0,1.22,1,6,6.0,0
1,0,0,0.58,1,2,6.0,0
0,0,1,5.0,0,10,1.0,1
0,0,1,1.44,1,13,6.0,0
1,0,0,2.49,0,14,2.0,1
0,1,0,3.63,0,14,0.0,1
1,0,0,4.51,0,1,3.0,1
1,0,0,0.58,1,14,6.0,0
0,1,0,4.86,0,10,2.0,1
0,1,0,2.15,1,2,6.0,0
0,0,1,2.22,0,12,4.0,1
1,0,0,1.73,0,9,1.0,1
1,0,0,1.56,1,3,6.0,0
0,0,1,2.39,0,8,1.0,1
0,0,1,2.87,0,13,6.0,1
0,1,0,2.32,0,13,3.0,1
1,0,0,3.57,0,6,1.0,1
0,1,0,3.07,0,12,0.0,1
0,1,0,1.09,1,6,6.0,0
0,1,0,1.5,1,4,6.0,0
0,0,1,0.99,1,2,6.0,0
1,0,0,3.12,0,15,6.0,1
1,0,0,1.3,0,4,0.0,1
0,0,1,1.35,1,6,6.0,0
1,0,0,0.78,1,3,6.0,0
0,1,0,0.87,1,1,6.0,0
0,0,1,2.73,0,19,3.0,1
0,1,0,3.31,0,1,4.0,0
0,0,1,2.86,0,8,1.0,1
0,0,1,1.24,1,2,6.0,0
0,1,0,2.61,0,14,1.0,1
0,0,1,0.24,1,19,6.0,0
0,1,0,2.91,0,14,6.0,1
0,1,0,0.24,1,17,6.0,0
1,0,0,2.76,0,9,3.0,1
0,1,0,2.67,0,16,1.0,1
0,0,1,0.16,1,13,6.0,0
0,1,0,0.15,1,1,6.0,0
1,0,0,1.4,0,7,6.0,1
0,0,1,1.49,1,2,6.0,0
0,0,1,4.28,0,12,1.0,1
0,1,0,2.01,0,8,5.0,1
0,1,0,1.31,0,12,5.0,1
0,0,1,2.96,0,11,1.0,1
1,0,0,1.81,0,13,1.0,1
1,0,0,1.6,1,19,6.0,0
0,1,0,2.1,1,16,3.0,0
0,0,1,2.39,0,16,1.0,1
0,1,0,1.72,0,10,0.0,1
0,0,1,0.0,1,14,6.0,0
0,0,1,5.0,0,5,2.0,1
0,0,1,1.92,0,15,4.0,1
1,0,0,2.82,0,5,4.0,1
1,0,0,4.67,0,15,6.0,1
0,1,0,5.0,0,3,4.0,0
0,0,1,0.5,1,3,6.0,0
0,1,0,3.32,0,19,1.0,1
1,0,0,0.01,1,12,6.0,0
0,0,1,1.59,1,12,6.0,0
1,0,0,2.12,0,2,4.0,1
0,0,1,2.85,0,13,6.0,1
0,1,0,1.15,0,17,1.0,1
1,0,0,1.48,0,19,6.0,1
0,1,0,1.92,0,13,3.0,1
0,0,1,0.59,1,11,6.0,0
1,0,0,3.13,0,10,0.0,1
1,0,0,1.7,0,0,6.0,1
0,0,1,3.17,0,8,4.0,1
0,0,1,0.71,1,6,6.0,0
1,0,0,0.47,1,17,6.0,0
1,0,0,2.88,0,9,6.0,1
1,0,0,1.85,0,7,1.0,1
0,0,1,3.88,0,12,4.0,1
0,1,0,2.31,0,0,4.0,0
0,1,0,1.89,0,11,6.0,1
0,1,0,2.18,0,2,1.0,0
0,1,0,4.38,0,19,1.0,1
0,0,1,2.19,0,6,3.0,1
0,0,1,1.67,0,2,6.0,1
0,0,1,2.35,0,5,6.0,1
0,0,1,0.37,1,16,6.0,0
0,1,0,3.48,0,0,2.0,0
1,0,0,2.58,0,14,0.0,1
0,1,0,2.94,0,1,0.0,0
1,0,0,1.58,0,18,2.0,1
0,1,0,2.24,0,9,5.0,1
1,0,0,4.37,0,5,3.0,1
1,0,0,1.24,0,12,0.0,1
1,0,0,0.76,1,11,6.0,0
1,0,0,0.1,1,18,6.0,0
1,0,0,4.77,0,3,1.0,1
1,0,0,0.01,1,13,6.0,0
0,1,0,1.53,1,12,6.0,0
0,0,1,3.64,0,13,1.0,1
1,0,0,3.16,0,0,1.0,1
0,1,0,0.81,1,3,6.0,0
0,1,0,0.28,1,0,6.0,0
1,0,0,4.07,0,13,5.0,1
1,0,0,3.12,0,11,1.0,1
0,1,0,0.71,1,9,6.0,0
0,1,0,5.0,0,2,4.0,0
1,0,0,3.43,0,12,2.0,1
0,1,0,5.0,0,10,4.0,1
1,0,0,2.83,0,7,3.0,1
0,1,0,0.61,1,17,6.0,0
0,1,0,2.95,0,4,2.0,0
1,0,0,4.42,0,11,3.0,1
0,1,0,2.01,0,4,2.0,0
1,0,0,0.75,1,17,6.0,0
0,0,1,2.41,0,19,1.0,1
0,1,0,3.98,0,13,0.0,1
1,0,0,1.27,1,6,6.0,0
1,0,0,3.79,0,9,3.0,1
1,0,0,4.44,0,15,4.0,1
0,0,1,0.83,1,12,6.0,0
1,0,0,0.66,1,19,6.0,0
0,0,1,5.0,0,16,2.0,1
1,0,0,5.0,0,16,0.0,1
1,0,0,1.55,0,2,0.0,1
0,1,0,2.55,0,8,1.0,1
1,0,0,1.32,0,9,6.0,1
0,0,1,4.21,0,15,4.0,1
0,0,1,2.13,0,2,2.0,1
0,0,1,2.48,0,18,0.0,1
0,1,0,0.97,1,16,6.0,0
0,1,0,1.4,1,11,6.0,0
1,0,0,0.18,1,10,6.0,0
1,0,0,3.98,0,5,6.0,1
1,0,0,1.5,0,16,1.0,1
0,1,0,2.27,0,1,1.0,0
0,0,1,1.67,0,14,5.0,1
0,1,0,4.69,0,2,2.0,0
0,0,1,2.59,1,4,6.0,0
0,0,1,0.24,1,18,6.0,0
0,0,1,3.81,0,1,0.0,1
0,0,1,2.38,0,15,2.0,1
0,0,1,0.67,1,16,6.0,0
0,1,0,0.52,1,18,6.0,0
0,1,0,1.3,0,4,3.0,0
0,0,1,5.0,0,14,0.0,1
1,0,0,4.51,0,17,0.0,1
0,1,0,0.19,1,4,6.0,0
0,0,1,0.73,1,2,6.0,0
0,0,1,5.0,0,12,0.0,1
1,0,0,0.03,1,13,6.0,0
0,0,1,0.63,1,8,6.0,0
1,0,0,1.72,0,9,5.0,1
0,1,0,0.91,1,9,6.0,0
1,0,0,3.27,0,19,0.0,1
0,0,1,1.92,0,11,5.0,1
0,0,1,0.5,1,19,6.0,0
0,1,0,4.68,0,17,1.0,1
0,0,1,4.05,0,18,1.0,1
0,0,1,5.0,0,3,0.0,1
1,0,0,0.31,1,13,6.0,0
0,0,1,3.71,0,6,2.0,1
0,1,0,2.64,0,13,2.0,1
1,0,0,2.3,0,0,6.0,1
0,0,1,5.0,0,18,2.0,1
0,0,1,0.68,1,10,6.0,0
0,1,0,4.6,0,15,2.0,1
1,0,0,0.02,1,19,6.0,0
0,0,1,3.28,0,12,4.0,1
1,0,0,2.42,0,15,6.0,1
0,0,1,1.78,0,7,4.0,1
0,0,1,5.0,0,7,1.0,1
1,0,0,1.45,0,10,5.0,1
1,0,0,1.57,0,17,3.0,1
0,1,0,1.32,0,13,3.0,1
0,1,0,0.69,1,16,6.0,0
0,0,1,3.65,0,14,2.0,1
0,0,1,0.32,1,10,6.0,0
0,0,1,0.6,1,0,6.0,0
1,0,0,5.0,0,18,0.0,1
0,1,0,1.59,1,11,6.0,0
0,0,1,0.01,1,16,6.0,0
0,1,0,2.05,0,14,1.0,1
1,0,0,1.8,0,4,1.0,1
0,1,0,0.12,1,7,6.0,0
0,1,0,0.67,1,16,6.0,0
0,1,0,4.59,0,7,0.0,1
0,1,0,0.77,1,8,6.0,0
1,0,0,3.74,0,7,0.0,1
0,0,1,1.02,1,6,6.0,0
0,1,0,3.79,0,1,6.0,0
0,0,1,0.2,1,9,6.0,0
1,0,0,4.62,0,11,4.0,1
0,1,0,0.27,1,2,6.0,0
1,0,0,5.0,0,17,2.0,1
0,1,0,0.12,1,4,6.0,0
1,0,0,2.33,0,7,5.0,1
0,0,1,1.41,1,6,6.0,0
1,0,0,1.74,1,18,1.0,0
0,0,1,0.15,1,8,6.0,0
0,0,1,3.76,0,5,6.0,1
1,0,0,2.15,0,1,6.0,1
0,1,0,0.76,1,3,6.0,0
0,0,1,0.4,1,6,6.0,0
0,1,0,1.57,0,9,5.0,1
1,0,0,2.07,0,4,0.0,1
1,0,0,1.63,1,2,6.0,0
0,0,1,2.19,0,14,6.0,1
0,1,0,3.46,0,12,2.0,1
0,1,0,0.6,1,17,6.0,0
1,0,0,2.63,0,0,6.0,1
1,0,0,1.39,1,0,6.0,0
0,1,0,2.85,0,16,1.0,1
0,1,0,0.5,1,4,6.0,0
0,0,1,1.29,0,9,6.0,1
0,0,1,4.68,0,12,3.0,1
1,0,0,5.0,0,9,1.0,1
1,0,0,5.0,0,10,0.0,1
1,0,0,5.0,0,8,4.0,1
0,1,0,2.11,0,18,0.0,1
1,0,0,2.4,0,17,4.0,1
0,1,0,1.96,0,3,4.0,0
0,1,0,1.43,1,5,1.0,0
0,1,0,1.16,1,4,6.0,0
0,1,0,0.87,1,13,6.0,0
0,1,0,5.0,0,2,5.0,0
0,1,0,1.92,0,2,1.0,0
1,0,0,1.34,1,3,6.0,0
0,1,0,0.12,1,17,6.0,0
1,0,0,4.67,0,13,3.0,1
0,0,1,4.19,0,2,5.0,1
0,0,1,0.98,1,5,6.0,0
0,1,0,3.21,0,19,6.0,1
0,0,1,4.77,0,15,1.0,1
1,0,0,1.04,1,0,6.0,0
0,1,0,1.06,1,3,6.0,0
0,1,0,5.0,0,17,1.0,1
0,1,0,2.49,0,4,0.0,0
0,0,1,1.39,0,13,5.0,1
0,1,0,1.55,0,6,6.0,1
0,0,1,3.03,1,0,2.0,0
0,0,1,5.0,0,2,2.0,1
1,0,0,3.06,0,12,2.0,1
0,1,0,3.7,0,1,0.0,0
0,1,0,1.05,1,13,6.0,0
0,0,1,2.6,0,1,1.0,1
0,0,1,1.85,0,19,0.0,1
1,0,0,1.16,1,5,6.0,0
0,1,0,0.4,1,15,6.0,0
0,1,0,3.68,0,1,1.0,0
0,1,0,1.99,0,6,3.0,1
1,0,0,2.61,0,11,5.0,1
0,1,0,2.7,0,10,0.0,1
1,0,0,3.21,0,15,4.0,1
0,0,1,2.21,0,9,4.0,1
0,0,1,1.52,1,3,5.0,0
1,0,0,1.52,1,12,2.0,0
0,1,0,1.85,1,12,6.0,0
1,0,0,1.66,0,8,6.0,1
0,0,1,5.0,0,1,5.0,1
1,0,0,1.24,1,14,6.0,0
0,0,1,0.49,1,11,6.0,0
0,1,0,0.83,1,13,6.0,0
0,1,0,1.11,1,17,6.0,0
0,0,1,2.08,0,2,1.0,1
1,0,0,3.11,0,12,1.0,1
0,1,0,3.29,0,4,0.0,0
0,1,0,3.36,0,2,2.0,0
1,0,0,2.32,0,18,3.0,1
1,0,0,2.51,0,6,6.0,1
0,0,1,3.73,0,15,0.0,1
1,0,0,5.0,0,9,5.0,1
0,0,1,3.68,0,1,2.0,1
0,1,0,0.03,1,10,6.0,0
0,0,1,5.0,0,8,3.0,1
0,1,0,1.35,1,2,6.0,0
1,0,0,0.11,1,5,6.0,0
1,0,0,1.34,1,18,6.0,0
1,0,0,3.27,0,0,6.0,1
1,0,0,1.75,0,1,5.0,1
0,0,1,1.54,1,11,6.0,0
0,0,1,2.33,0,11,6.0,1
1,0,0,1.16,1,12,6.0,0
0,0,1,3.65,0,12,3.0,1
0,0,1,5.0,0,13,5.0,1
1,0,0,0.77,1,4,6.0,0
0,0,1,1.65,1,1,6.0,0
1,0,0,3.48,0,9,0.0,1
1,0,0,1.72,0,6,1.0,1
0,0,1,4.53,0,16,1.0,1
0,0,1,2.54,0,6,1.0,1
0,1,0,1.96,0,12,6.0,1
0,0,1,5.0,0,1,1.0,1
0,1,0,2.22,1,19,6.0,0
0,1,0,1.36,0,6,4.0,1
0,0,1,0.55,1,8,6.0,0
0,0,1,0.12,1,18,6.0,0
0,0,1,2.39,1,12,5.0,0
1,0,0,2.17,0,16,6.0,1
0,0,1,0.38,1,3,6.0,0
0,0,1,4.13,0,2,4.0,1
1,0,0,3.81,0,15,6.0,1
1,0,0,3.23,1,17,1.0,0
0,0,1,3.14,0,13,1.0,1
0,1,0,3.6,0,19,6.0,1
1,0,0,1.23,1,2,6.0,0
1,0,0,2.02,0,18,2.0,1
0,0,1,5.0,0,7,6.0,1
1,0,0,3.72,0,9,2.0,1
0,0,1,1.95,0,12,6.0,1
0,0,1,1.33,1,9,6.0,0
0,0,1,0.0,1,11,6.0,0
0,0,1,0.56,1,16,6.0,0
0,1,0,3.22,0,7,6.0,1
1,0,0,1.32,0,12,5.0,1
1,0,0,2.5,0,18,2.0,1
0,0,1,1.98,0,3,4.0,1
0,1,0,2.38,0,4,4.0,0
0,1,0,5.0,0,18,2.0,1
0,0,1,5.0,0,9,0.0,1
0,0,1,3.5,0,4,0.0,1
0,1,0,1.61,1,15,6.0,0
1,0,0,1.11,1,8,6.0,0
0,0,1,2.06,0,8,6.0,1
0,1,0,3.34,0,16,3.0,1
1,0,0,0.78,1,15,6.0,0
0,1,0,0.56,1,11,6.0,0
0,1,0,1.8,0,14,1.0,1
1,0,0,5.0,0,3,0.0,1
0,0,1,1.03,1,16,6.0,0
0,0,1,1.72,1,10,6.0,0
1,0,0,0.96,1,6,6.0,0
0,1,0,0.78,1,10,6.0,0
1,0,0,1.57,0,9,6.0,1
1,0,0,5.0,0,2,3.0,1
1,0,0,5.0,0,16,1.0,1
0,1,0,1.54,1,6,1.0,0
0,1,0,3.3,0,10,3.0,1
0,0,1,2.03,0,3,5.0,1
1,0,0,2.45,0,10,0.0,1
1,0,0,1.55,0,9,6.0,1
0,0,1,1.18,0,6,2.0,1
0,1,0,0.44,1,7,6.0,0
1,0,0,1.66,0,16,2.0,1
0,1,0,3.36,0,19,0.0,1
0,1,0,2.67,0,13,0.0,1
0,1,0,3.43,0,16,6.0,1
1,0,0,0.65,1,12,6.0,0
1,0,0,2.46,0,10,1.0,1
0,0,1,1.78,1,6,6.0,0
0,0,1,3.32,0,5,1.0,1
0,1,0,4.26,1,17,6.0,0
0,1,0,1.45,0,5,0.0,1
0,0,1,1.44,0,16,3.0,1
0,0,1,3.78,0,2,4.0,1
0,1,0,1.85,0,10,3.0,1
1,0,0,2.74,0,14,3.0,1
0,1,0,2.49,0,12,0.0,1
0,0,1,1.29,1,19,6.0,0
0,1,0,1.68,1,14,6.0,0
0,1,0,0.76,1,19,6.0,0
0,1,0,2.93,0,1,5.0,0
0,0,1,4.74,0,19,1.0,1
1,0,0,2.49,0,15,0.0,1
1,0,0,0.56,1,6,6.0,0
1,0,0,0.81,1,4,6.0,0
0,0,1,0.6,1,17,6.0,0
1,0,0,1.25,0,19,6.0,1
0,1,0,3.89,0,4,6.0,0
0,0,1,1.51,0,2,6.0,1
0,0,1,2.92,0,14,2.0,1
1,0,0,1.12,1,12,6.0,0
1,0,0,0.22,1,11,6.0,0
1,0,0,2.09,0,11,3.0,1
1,0,0,2.85,0,13,4.0,1
0,0,1,2.61,0,2,2.0,1
1,0,0,0.37,1,0,6.0,0
1,0,0,3.56,0,16,3.0,1
0,1,0,5.0,0,14,2.0,1
1,0,0,2.42,0,1,1.0,1
0,0,1,3.8,0,0,5.0,1
0,1,0,4.54,0,16,1.0,1
0,1,0,0.21,1,5,6.0,0
0,1,0,0.41,1,13,6.0,0
1,0,0,0.54,1,14,6.0,0
0,1,0,5.0,0,9,2.0,1
0,1,0,2.8,0,11,6.0,1
1,0,0,4.53,0,14,3.0,1
1,0,0,1.88,1,5,6.0,0
0,0,1,1.16,1,12,6.0,0
0,0,1,0.35,1,14,6.0,0
0,0,1,5.0,0,12,4.0,1
0,1,0,1.1,1,15,6.0,0
0,1,0,0.7,1,4,6.0,0
1,0,0,0.32,1,15,6.0,0
1,0,0,1.87,1,1,6.0,0
0,0,1,3.12,0,17,2.0,1
0,0,1,4.97,0,1,4.0,1
1,0,0,3.61,0,16,6.0,1
1,0,0,1.73,0,1,1.0,1
0,0,1,0.18,1,5,6.0,0
1,0,0,2.1,0,13,5.0,1
1,0,0,0.0,1,6,6.0,0
1,0,0,0.76,1,8,6.0,0
0,1,0,0.54,1,1,6.0,0
1,0,0,0.7,1,7,6.0,0
0,0,1,0.16,1,18,6.0,0
0,1,0,2.61,0,18,2.0,1
0,1,0,2.51,0,1,2.0,0
0,0,1,0.49,1,15,6.0,0
0,0,1,5.0,0,16,4.0,1
1,0,0,3.42,0,3,6.0,1
0,1,0,0.88,1,10,6.0,0
1,0,0,2.73,0,6,4.0,1
1,0,0,2.45,1,7,6.0,0
0,1,0,0.66,1,6,6.0,0
0,0,1,2.05,0,1,4.0,1
0,0,1,0.06,1,0,6.0,0
0,0,1,1.98,0,4,5.0,1
1,0,0,2.18,0,18,1.0,1
0,1,0,2.58,0,7,3.0,1
0,0,1,0.53,1,4,6.0,0
1,0,0,2.5,0,1,6.0,1
0,1,0,1.09,1,13,6.0,0
1,0,0,5.0,0,8,0.0,1
0,1,0,0.65,1,18,6.0,0
0,0,1,1.85,0,3,6.0,1
0,0,1,0.58,1,5,6.0,0
0,1,0,1.55,1,10,4.0,0
1,0,0,2.25,1,12,6.0,0
0,1,0,2.02,1,2,6.0,0
1,0,0,4.23,0,13,1.0,1
0,1,0,0.99,1,15,6.0,0
0,1,0,0.51,1,14,6.0,0
1,0,0,2.76,0,17,4.0,1
0,1,0,1.08,1,3,6.0,0
0,0,1,3.22,0,10,1.0,1
0,0,1,4.1,0,15,1.0,1
0,1,0,0.17,1,18,6.0,0
0,1,0,2.66,1,13,6.0,0
1,0,0,0.92,1,5,6.0,0
0,1,0,2.2,0,9,5.0,1
0,0,1,3.33,0,0,1.0,1
1,0,0,2.39,1,16,6.0,0
0,1,0,2.07,0,6,1.0,1
1,0,0,0.71,1,16,6.0,0
1,0,0,1.01,1,14,6.0,0
0,0,1,1.62,1,1,6.0,0
0,0,1,5.0,0,10,3.0,1
0,1,0,2.44,0,3,2.0,0
1,0,0,0.42,1,16,6.0,0
1,0,0,1.03,1,15,1.0,0
0,0,1,2.21,0,3,3.0,1
0,0,1,2.3,0,12,1.0,1
0,1,0,1.37,1,2,6.0,0
0,0,1,1.46,0,14,3.0,1
0,0,1,2.89,0,12,3.0,1
0,1,0,1.62,0,18,2.0,1
1,0,0,1.13,1,1,6.0,0
1,0,0,1.83,1,4,6.0,0
0,0,1,2.61,0,16,1.0,1
0,1,0,2.03,0,18,6.0,1
0,1,0,1.78,0,4,2.0,0
1,0,0,4.06,0,18,4.0,1
1,0,0,5.0,0,11,1.0,1
0,0,1,2.29,0,13,2.0,1
1,0,0,0.67,1,3,6.0,0
0,0,1,0.91,1,8,6.0,0
0,1,0,0.72,1,19,6.0,0
0,1,0,2.06,0,0,1.0,0
1,0,0,0.31,1,18,6.0,0
0,0,1,2.13,0,6,1.0,1
0,0,1,4.16,0,1,4.0,1
0,1,0,3.75,0,15,1.0,1
0,1,0,4.28,0,4,1.0,0
1,0,0,4.45,0,15,6.0,1
0,0,1,0.09,1,0,6.0,0
0,1,0,0.14,1,1,6.0,0
0,0,1,2.01,1,5,6.0,0
0,0,1,5.0,0,19,6.0,1
1,0,0,0.71,1,7,6.0,0
0,1,0,2.0,0,6,6.0,1
0,1,0,1.09,1,7,6.0,0
1,0,0,1.69,0,3,6.0,1
1,0,0,0.42,1,19,6.0,0
0,0,1,0.32,1,6,6.0,0
1,0,0,0.4,1,7,6.0,0
1,0,0,5.0,0,5,1.0,1
0,1,0,1.4,1,14,6.0,0
1,0,0,1.4,1,3,6.0,0
0,0,1,5.0,1,16,6.0,0
1,0,0,2.16,0,6,6.0,1
0,0,1,2.6,0,12,0.0,1
0,1,0,1.6,0,6,6.0,1
1,0,0,1.44,0,12,0.0,1
1,0,0,0.95,1,17,6.0,0
0,0,1,2.73,0,10,3.0,1
1,0,0,0.67,1,17,6.0,0
0,0,1,0.38,1,13,6.0,0
1,0,0,1.14,0,11,1.0,1
0,1,0,0.2,1,4,6.0,0
1,0,0,0.25,1,6,6.0,0
0,1,0,0.24,1,16,6.0,0
0,0,1,0.66,1,6,6.0,0
1,0,0,1.38,1,15,6.0,0
1,0,0,1.35,1,14,3.0,0
1,0,0,1.19,1,19,6.0,0
0,0,1,2.85,0,6,1.0,1
1,0,0,2.08,0,9,0.0,1
0,1,0,1.15,1,10,6.0,0
0,0,1,0.06,1,11,6.0,0
0,0,1,5.0,0,5,5.0,1
0,1,0,2.26,0,6,3.0,1
0,1,0,2.77,0,0,1.0,0
1,0,0,2.11,0,1,1.0,1
1,0,0,1.96,0,11,2.0,1
0,1,0,1.03,1,18,6.0,0
1,0,0,3.28,0,14,2.0,1
1,0,0,5.0,0,13,2.0,1
0,0,1,0.39,1,14,6.0,0
1,0,0,2.25,0,13,6.0,1
0,1,0,3.16,0,15,3.0,1
0,1,0,0.04,1,0,6.0,0
0,0,1,3.49,0,5,0.0,1
0,0,1,2.12,0,16,4.0,1
0,1,0,3.43,0,4,3.0,0
1,0,0,2.37,0,8,3.0,1
1,0,0,3.52,0,13,4.0,1
1,0,0,0.81,1,1,6.0,0
1,0,0,5.0,0,13,6.0,1
0,0,1,5.0,0,11,4.0,1
0,0,1,1.15,1,15,6.0,0
0,1,0,2.01,0,7,0.0,1
1,0,0,2.59,0,3,5.0,1
0,1,0,5.0,0,13,1.0,1
0,1,0,1.04,1,6,6.0,0
0,1,0,5.0,0,12,1.0,1
1,0,0,1.72,0,19,0.0,1
0,1,0,2.28,0,9,6.0,1
0,1,0,3.32,1,17,6.0,0
1,0,0,2.17,0,0,2.0,1
0,1,0,1.31,0,0,6.0,0
0,0,1,0.6,1,2,6.0,0
0,0,1,2.14,0,8,6.0,1
1,0,0,2.94,0,6,2.0,1
0,1,0,0.67,1,12,6.0,0
1,0,0,1.96,0,12,3.0,1
0,1,0,3.08,0,3,3.0,0
1,0,0,0.61,1,11,6.0,0
0,1,0,4.5,0,0,3.0,0
0,1,0,2.93,1,3,6.0,0
0,0,1,3.53,0,13,1.0,1
0,1,0,5.0,0,9,6.0,1
1,0,0,1.89,0,9,2.0,1
0,1,0,3.99,0,4,3.0,0
0,1,0,0.92,1,4,6.0,0
0,1,0,3.32,0,2,1.0,0
0,0,1,1.69,1,13,6.0,0
0,1,0,5.0,0,19,2.0,1
0,1,0,1.82,0,17,6.0,1
0,0,1,2.43,0,10,6.0,1
0,0,1,3.06,0,1,0.0,1
1,0,0,0.4,1,0,6.0,0
1,0,0,0.85,1,13,6.0,0
1,0,0,5.0,0,14,4.0,1
1,0,0,5.0,0,4,0.0,1
0,0,1,2.62,0,8,0.0,1
1,0,0,2.22,0,3,1.0,1
0,1,0,2.07,0,13,6.0,1
1,0,0,2.73,0,13,1.0,1
0,0,1,2.35,0,5,3.0,1
1,0,0,0.65,1,7,6.0,0
0,0,1,1.05,1,11,6.0,0
1,0,0,3.72,0,8,1.0,1
1,0,0,1.63,0,10,2.0,1
1,0,0,1.18,1,2,6.0,0
1,0,0,2.03,0,3,6.0,1
0,0,1,0.77,1,18,6.0,0
1,0,0,1.03,1,7,6.0,0
1,0,0,3.72,0,19,2.0,1
1,0,0,1.4,1,4,6.0,0
0,0,1,1.19,1,15,6.0,0
0,0,1,5.0,0,6,6.0,1
1,0,0,2.04,1,17,1.0,0
1,0,0,5.0,0,4,4.0,1
1,0,0,0.95,1,16,6.0,0
0,1,0,4.34,0,10,3.0,1
0,0,1,4.23,0,6,5.0,1
0,0,1,2.17,0,4,3.0,1
0,0,1,0.47,1,8,6.0,0
1,0,0,3.31,0,16,1.0,1
1,0,0,2.05,0,5,1.0,1
0,1,0,1.89,0,14,3.0,1
1,0,0,0.42,1,15,6.0,0
0,1,0,2.66,0,7,3.0,1
1,0,0,3.39,0,19,1.0,1
1,0,0,3.13,0,5,0.0,1
0,1,0,2.44,0,4,2.0,0
0,0,1,0.02,1,7,6.0,0
0,0,1,1.75,1,13,5.0,0
1,0,0,2.95,0,9,1.0,1
0,1,0,2.31,0,3,1.0,0
1,0,0,0.1,1,10,6.0,0
1,0,0,2.23,1,13,1.0,0
0,0,1,3.75,0,10,1.0,1
1,0,0,1.05,1,7,6.0,0
0,0,1,1.36,1,13,6.0,0
0,1,0,4.74,0,17,2.0,1
1,0,0,1.8,1,0,6.0,0
0,1,0,5.0,0,3,6.0,0
0,1,0,0.17,1,11,6.0,0
0,0,1,4.51,0,7,1.0,1
0,0,1,1.11,1,11,6.0,0
0,0,1,3.15,0,10,3.0,1
0,0,1,2.88,0,8,2.0,1
1,0,0,2.54,0,6,2.0,1
1,0,0,1.55,1,2,6.0,0
1,0,0,2.36,0,0,4.0,1
1,0,0,1.69,0,0,0.0,1
0,0,1,4.75,0,12,1.0,1
0,1,0,4.19,0,10,0.0,1
0,1,0,1.85,0,3,6.0,0
1,0,0,2.87,0,1,1.0,1
0,1,0,1.19,1,8,6.0,0
0,0,1,1.1,0,8,6.0,1
0,1,0,1.48,1,10,6.0,0
0,0,1,3.55,0,2,1.0,1
0,1,0,0.38,1,13,6.0,0
0,0,1,2.78,0,17,6.0,1
0,0,1,1.34,0,9,3.0,1
0,1,0,0.86,1,0,6.0,0
0,1,0,0.27,1,14,6.0,0
0,1,0,2.55,0,1,3.0,0
0,1,0,5.0,0,15,0.0,1
0,1,0,1.58,0,11,1.0,1
0,1,0,1.35,0,4,4.0,0
0,0,1,2.96,0,1,6.0,1
0,1,0,1.4,0,4,1.0,0
0,0,1,2.46,0,16,5.0,1
0,0,1,1.1,1,12,6.0,0
0,1,0,1.72,0,9,6.0,1
0,1,0,2.59,0,3,6.0,0
1,0,0,1.97,0,13,5.0,1
1,0,0,1.73,0,7,6.0,1
0,1,0,2.55,0,13,1.0,1
1,0,0,0.04,1,16,6.0,0
0,1,0,2.85,0,8,6.0,1
0,0,1,3.52,0,18,0.0,1
0,1,0,2.63,0,9,4.0,1
1,0,0,1.28,1,2,5.0,0
1,0,0,5.0,0,15,5.0,1
0,0,1,4.29,0,8,3.0,1
0,1,0,1.72,0,13,6.0,1
1,0,0,0.63,1,17,6.0,0
1,0,0,1.32,1,2,6.0,0
0,0,1,0.65,1,1,6.0,0
1,0,0,0.92,1,6,6.0,0
0,0,1,1.21,1,14,6.0,0
0,1,0,2.9,0,4,2.0,0
0,0,1,5.0,0,3,6.0,1
0,1,0,0.55,1,9,6.0,0
0,0,1,1.91,0,8,3.0,1
0,1,0,0.62,1,19,6.0,0
0,0,1,1.43,1,17,6.0,0
1,0,0,2.84,0,5,4.0,1
0,1,0,2.57,0,17,2.0,1
0,1,0,1.78,0,11,6.0,1
0,1,0,2.27,0,17,1.0,1
1,0,0,5.0,0,11,5.0,1
0,1,0,5.0,0,5,2.0,1
0,0,1,1.44,1,10,6.0,0
1,0,0,0.62,1,6,6.0,0
0,0,1,1.71,0,12,6.0,1
1,0,0,1.64,0,15,6.0,1
0,0,1,1.92,0,18,1.0,1
1,0,0,2.28,0,15,6.0,1
1,0,0,5.0,0,7,4.0,1
0,1,0,2.59,0,2,6.0,0
0,0,1,2.2,0,17,0.0,1
1,0,0,2.07,1,14,6.0,0
0,0,1,3.77,0,4,6.0,1
0,1,0,4.11,0,3,6.0,0
1,0,0,1.9,0,2,3.0,1
0,0,1,0.3,1,10,6.0,0
0,0,1,0.07,1,3,6.0,0
1,0,0,2.97,0,4,2.0,1
1,0,0,5.0,0,10,4.0,1
0,0,1,2.92,0,7,2.0,1
1,0,0,2.08,0,14,1.0,1
1,0,0,2.03,0,16,2.0,1
0,0,1,1.35,1,2,6.0,0
1,0,0,0.75,1,0,6.0,0
0,0,1,2.11,0,18,6.0,1
1,0,0,3.22,0,16,6.0,1
0,1,0,1.75,1,18,5.0,0
0,1,0,0.33,1,19,6.0,0
1,0,0,1.84,1,12,6.0,0
0,1,0,0.38,1,19,6.0,0
0,0,1,1.53,0,3,6.0,1
1,0,0,2.79,0,3,6.0,1
1,0,0,2.74,0,15,0.0,1
1,0,0,5.0,0,17,6.0,1
0,0,1,4.06,0,16,6.0,1
1,0,0,2.99,0,11,2.0,1
1,0,0,0.24,1,2,6.0,0
0,1,0,1.9,0,9,6.0,1
0,0,1,1.11,1,10,6.0,0
0,1,0,5.0,0,2,6.0,0
0,0,1,2.13,0,17,6.0,1
0,0,1,2.68,0,8,1.0,1
1,0,0,2.09,0,1,6.0,1
1,0,0,2.68,0,13,2.0,1
0,0,1,2.32,0,5,2.0,1
0,1,0,2.39,0,6,1.0,1
0,0,1,4.84,0,16,0.0,1
1,0,0,1.99,0,16,5.0,1
0,0,1,5.0,0,0,5.0,1
0,0,1,2.3,0,7,6.0,1
1,0,0,1.33,0,15,4.0,1
0,1,0,0.58,1,9,6.0,0
1,0,0,2.42,0,19,0.0,1
1,0,0,1.73,1,14,6.0,0
0,1,0,5.0,0,6,3.0,1
0,0,1,2.28,0,8,1.0,1
1,0,0,2.32,0,7,0.0,1
0,1,0,3.13,0,7,6.0,1
0,0,1,1.76,1,6,6.0,0
0,1,0,0.8,1,12,6.0,0
1,0,0,4.53,0,7,1.0,1
1,0,0,3.32,0,17,3.0,1
0,1,0,1.44,1,10,6.0,0
0,1,0,2.73,1,10,6.0,0
0,1,0,1.8,0,4,1.0,0
0,1,0,0.31,1,13,6.0,0
1,0,0,3.88,0,5,0.0,1
0,0,1,5.0,0,2,6.0,1
1,0,0,2.39,0,19,4.0,1
1,0,0,1.93,0,9,6.0,1
0,1,0,2.84,0,12,0.0,1
0,1,0,4.87,0,9,3.0,1
1,0,0,5.0,1,10,6.0,0
0,1,0,5.0,0,8,4.0,1
0,0,1,3.33,0,8,1.0,1
1,0,0,4.56,0,12,4.0,1
0,1,0,4.82,1,9,6.0,0
1,0,0,1.83,0,3,4.0,1
0,0,1,1.5,0,7,1.0,1
0,0,1,2.12,0,8,3.0,1
0,1,0,0.3,1,15,6.0,0
0,1,0,1.96,0,9,6.0,1
0,0,1,5.0,0,15,0.0,1
0,0,1,4.08,0,1,2.0,1
1,0,0,3.48,0,1,6.0,1
1,0,0,1.82,1,7,1.0,0
0,1,0,3.97,0,11,1.0,1
0,0,1,0.34,1,18,6.0,0
1,0,0,1.16,1,6,6.0,0
1,0,0,3.55,0,18,1.0,1
1,0,0,0.56,1,3,6.0,0
1,0,0,1.05,1,3,6.0,0
0,0,1,1.91,0,11,6.0,1
0,0,1,0.74,1,9,6.0,0
0,0,1,3.37,0,19,3.0,1
0,0,1,0.56,1,15,6.0,0
1,0,0,2.44,0,1,6.0,1
0,0,1,2.73,0,14,1.0,1
0,0,1,0.87,1,3,6.0,0
1,0,0,1.11,1,9,6.0,0
0,0,1,2.56,0,2,1.0,1
0,1,0,1.01,1,7,6.0,0
0,0,1,0.71,1,3,6.0,0
1,0,0,2.04,0,11,3.0,1
1,0,0,0.75,1,1,6.0,0
1,0,0,5.0,0,0,6.0,1
1,0,0,1.66,0,9,6.0,1
1,0,0,3.73,0,15,3.0,1
1,0,0,1.79,0,6,3.0,1
1,0,0,0.21,1,13,6.0,0
0,1,0,2.91,0,1,1.0,0
0,1,0,2.73,0,12,0.0,1
1,0,0,0.01,1,3,6.0,0
0,1,0,2.49,0,14,1.0,1
1,0,0,1.73,0,6,4.0,1
0,1,0,0.66,1,18,6.0,0
0,0,1,0.8,1,0,6.0,0
0,1,0,2.35,1,8,6.0,0
0,1,0,1.08,1,15,6.0,0
0,0,1,3.16,0,13,0.0,1
1,0,0,4.34,0,11,0.0,1
0,0,1,0.97,1,2,6.0,0
0,0,1,1.8,0,12,6.0,1
0,0,1,5.0,0,15,2.0,1
0,1,0,1.36,1,14,6.0,0
0,0,1,1.38,1,7,6.0,0
1,0,0,0.15,1,11,6.0,0
0,0,1,2.59,0,10,1.0,1
1,0,0,1.26,1,5,6.0,0
0,0,1,0.42,1,4,6.0,0
0,0,1,1.78,0,15,6.0,1
1,0,0,2.78,0,1,0.0,1
0,0,1,1.25,1,9,5.0,0
0,0,1,1.33,0,19,5.0,1
0,0,1,2.96,0,2,5.0,1
0,0,1,2.47,0,14,2.0,1
0,0,1,0.68,1,3,6.0,0
0,0,1,2.37,0,2,1.0,1
0,0,1,2.87,0,19,2.0,1
1,0,0,2.63,0,2,1.0,1
0,0,1,5.0,0,15,6.0,1
0,0,1,4.29,0,10,0.0,1
0,1,0,0.94,1,19,6.0,0
0,0,1,0.45,1,8,6.0,0
0,1,0,4.65,0,8,0.0,1
1,0,0,1.75,0,18,0.0,1
0,0,1,4.69,0,11,4.0,1
1,0,0,0.67,1,4,6.0,0
0,0,1,2.18,1,16,1.0,0
0,1,0,5.0,0,15,4.0,1
1,0,0,1.48,0,10,3.0,1
0,0,1,1.06,0,18,2.0,1
0,1,0,1.4,0,0,6.0,0
0,0,1,2.75,0,16,1.0,1
1,0,0,3.61,0,12,4.0,1
0,1,0,2.88,0,17,6.0,1
0,0,1,1.95,0,7,6.0,1
1,0,0,3.36,0,7,6.0,1
1,0,0,0.35,1,1,6.0,0
0,0,1,0.6,1,9,6.0,0
1,0,0,5.0,1,11,2.0,0
0,1,0,1.39,0,19,6.0,1
1,0,0,5.0,0,0,2.0,1
0,0,1,3.5,0,9,1.0,1
1,0,0,1.84,0,9,0.0,1
0,0,1,1.57,1,5,6.0,0
0,0,1,0.59,1,16,6.0,0
0,1,0,1.74,0,2,6.0,0
0,0,1,0.56,1,13,6.0,0
0,1,0,2.03,0,7,2.0,1
0,1,0,0.24,1,11,6.0,0
0,0,1,3.36,0,18,1.0,1
0,1,0,1.21,1,18,6.0,0
0,1,0,2.2,0,0,2.0,0
1,0,0,1.17,1,12,6.0,0
0,1,0,5.0,0,7,5.0,1
0,1,0,0.38,1,15,6.0,0
0,1,0,2.39,0,19,1.0,1
1,0,0,5.0,1,5,6.0,0
0,1,0,5.0,0,8,2.0,1
1,0,0,3.81,0,18,0.0,1
1,0,0,4.11,0,13,4.0,1
1,0,0,1.81,0,18,0.0,1
0,0,1,3.41,0,18,4.0,1
1,0,0,0.37,1,1,6.0,0
0,0,1,0.77,1,15,6.0,0
0,0,1,3.98,0,14,0.0,1
0,1,0,0.35,1,12,6.0,0
1,0,0,2.47,0,6,5.0,1
1,0,0,2.43,0,0,1.0,1
1,0,0,0.83,1,0,6.0,0
1,0,0,1.41,0,3,2.0,1
0,1,0,0.38,1,2,6.0,0
0,1,0,1.77,0,9,6.0,1
0,0,1,2.62,0,7,0.0,1
1,0,0,1.79,0,11,0.0,1
1,0,0,0.81,1,15,6.0,0
0,0,1,1.04,1,16,6.0,0
0,1,0,1.9,0,17,2.0,1
1,0,0,2.64,0,4,1.0,1
1,0,0,1.16,0,9,1.0,1
0,1,0,1.69,1,1,6.0,0
0,1,0,2.62,0,7,2.0,1
1,0,0,1.57,0,10,2.0,1
0,0,1,4.5,0,3,2.0,1
1,0,0,1.33,1,18,6.0,0
1,0,0,1.74,0,10,4.0,1
0,1,0,2.65,0,8,5.0,1
0,0,1,3.59,0,0,1.0,1
0,1,0,0.63,1,6,6.0,0
0,0,1,2.77,0,6,1.0,1
0,0,1,1.05,1,16,2.0,0
0,0,1,3.02,0,4,2.0,1
0,0,1,2.6,0,13,6.0,1
0,0,1,1.25,1,16,6.0,0
1,0,0,1.56,0,13,4.0,1
1,0,0,5.0,0,7,0.0,1
0,0,1,1.32,0,12,6.0,1
0,1,0,0.77,1,12,6.0,0
0,0,1,0.73,1,13,6.0,0
0,1,0,1.59,0,18,6.0,1
1,0,0,1.11,1,5,6.0,0
1,0,0,5.0,0,15,3.0,1
1,0,0,2.32,1,14,6.0,0
1,0,0,2.03,0,16,6.0,1
1,0,0,2.75,0,2,2.0,1
0,0,1,1.28,0,15,6.0,1
0,1,0,0.87,1,9,6.0,0
1,0,0,5.0,0,15,1.0,1
0,1,0,1.06,1,8,6.0,0
1,0,0,2.98,0,3,0.0,1
0,0,1,4.94,0,5,2.0,1
1,0,0,1.5,0,13,1.0,1
1,0,0,1.83,0,16,6.0,1
1,0,0,2.75,0,2,0.0,1
1,0,0,1.54,0,17,1.0,1
0,1,0,2.9,0,16,6.0,1
1,0,0,1.27,1,12,6.0,0
0,1,0,3.22,0,15,1.0,1
0,1,0,1.48,0,19,5.0,1
0,0,1,2.08,0,10,2.0,1
1,0,0,2.04,0,17,6.0,1
0,1,0,5.0,0,15,2.0,1
0,1,0,4.36,0,10,2.0,1
0,1,0,0.34,1,17,6.0,0
0,1,0,3.44,0,12,5.0,1
1,0,0,1.41,1,14,3.0,0
1,0,0,0.16,1,3,6.0,0
0,0,1,1.16,1,2,4.0,0
1,0,0,0.25,1,13,6.0,0
0,1,0,4.38,0,0,2.0,0
0,1,0,2.3,0,14,6.0,1
0,1,0,2.97,0,8,1.0,1
0,1,0,1.39,0,13,5.0,1
1,0,0,5.0,0,19,5.0,1
0,0,1,3.53,1,5,6.0,0
0,1,0,0.98,1,15,6.0,0
0,1,0,0.49,1,5,6.0,0
0,0,1,0.72,1,19,6.0,0
0,1,0,0.52,1,14,6.0,0
0,1,0,1.25,1,6,6.0,0
1,0,0,1.64,0,16,3.0,1
0,0,1,2.22,0,2,5.0,1
0,1,0,2.49,0,0,2.0,0
0,1,0,4.71,0,7,0.0,1
0,0,1,5.0,0,0,1.0,1
0,0,1,5.0,0,0,3.0,1
0,1,0,1.64,0,12,6.0,1
0,0,1,0.23,1,17,6.0,0
0,1,0,3.96,0,0,3.0,0
1,0,0,0.5,1,14,6.0,0
1,0,0,5.0,0,19,3.0,1
1,0,0,0.8,1,17,6.0,0
0,1,0,1.26,1,12,6.0,0
1,0,0,0.91,1,19,6.0,0
0,0,1,1.89,1,16,6.0,0
1,0,0,2.09,1,5,6.0,0
0,1,0,1.65,1,17,2.0,0
1,0,0,1.13,1,4,6.0,0
1,0,0,0.29,1,13,6.0,0
1,0,0,0.85,1,17,6.0,0
0,1,0,5.0,0,8,0.0,1
1,0,0,4.84,0,11,2.0,1
0,0,1,3.16,0,1,1.0,1
0,1,0,2.93,0,17,1.0,1
1,0,0,2.18,0,12,6.0,1
1,0,0,2.08,0,17,6.0,1
0,0,1,5.0,0,6,4.0,1
0,1,0,3.15,0,13,6.0,1
1,0,0,0.99,1,18,6.0,0
1,0,0,1.84,0,8,5.0,1
0,0,1,1.47,1,15,6.0,0
0,0,1,2.04,0,8,3.0,1
0,1,0,2.18,0,19,1.0,1
0,1,0,0.3,1,17,6.0,0
0,0,1,2.15,0,16,1.0,1
1,0,0,0.41,1,7,6.0,0
1,0,0,2.36,0,13,6.0,1
0,1,0,0.89,1,2,6.0,0
0,1,0,1.0,1,1,-1840.0,0
0,0,1,0.17,1,15,6.0,0
0,1,0,0.95,1,12,6.0,0
1,0,0,1.76,0,5,0.0,1
0,0,1,1.22,1,1,6.0,0
1,0,0,1.52,0,2,6.0,1
0,0,1,5.0,0,4,3.0,1
0,0,1,5.0,0,15,4.0,1
0,0,1,3.05,0,11,3.0,1
0,0,1,1.3,1,3,6.0,0
1,0,0,2.76,0,12,1.0,1
0,1,0,0.71,1,1,6.0,0
1,0,0,1.52,1,10,6.0,0
1,0,0,2.91,0,3,6.0,1
1,0,0,0.1,1,14,6.0,0
0,1,0,1.21,1,16,6.0,0
0,0,1,0.61,1,8,6.0,0
0,1,0,2.46,0,15,1.0,1
0,0,1,1.45,0,2,0.0,1
1,0,0,0.26,1,10,6.0,0
0,0,1,1.0,1,13,6.0,0
0,0,1,1.17,0,14,2.0,1
1,0,0,1.75,0,13,3.0,1
0,1,0,0.02,1,14,6.0,0
1,0,0,0.89,1,17,6.0,0
1,0,0,4.09,0,12,1.0,1
0,0,1,0.72,1,9,6.0,0
0,0,1,1.36,0,12,6.0,1
0,0,1,1.44,1,12,2.0,0
1,0,0,2.44,0,10,0.0,1
0,0,1,0.95,1,12,6.0,0
0,1,0,0.91,1,12,6.0,0
1,0,0,0.08,1,14,6.0,0
0,0,1,0.98,1,8,6.0,0
1,0,0,5.0,0,0,4.0,1
1,0,0,0.74,1,16,6.0,0
0,0,1,1.82,0,18,1.0,1
0,0,1,0.68,1,5,6.0,0
1,0,0,1.57,0,0,1.0,1
0,0,1,2.73,0,9,1.0,1
0,0,1,2.96,0,16,1.0,1
0,0,1,0.95,1,2,6.0,0
0,1,0,5.0,1,0,6.0,0
0,1,0,4.2,0,14,6.0,1
1,0,0,0.33,1,6,6.0,0
0,1,0,2.95,0,1,1.0,0
0,0,1,3.09,1,1,6.0,0
1,0,0,2.18,0,9,3.0,1
0,1,0,3.7,0,6,2.0,1
1,0,0,2.55,0,0,0.0,1
0,1,0,1.34,1,0,1.0,0
0,1,0,0.7,1,1,6.0,0
0,1,0,0.07,1,8,6.0,0
0,1,0,4.27,0,10,1.0,1
1,0,0,0.04,1,12,6.0,0
1,0,0,0.89,1,14,6.0,0
0,1,0,0.55,1,18,6.0,0
0,1,0,0.89,1,3,6.0,0
1,0,0,1.95,0,5,4.0,1
0,1,0,2.06,0,1,3.0,0
0,0,1,5.0,0,19,0.0,1
0,0,1,2.69,0,2,3.0,1
0,1,0,2.02,0,9,0.0,1
0,1,0,2.51,0,8,6.0,1
0,1,0,3.63,0,13,1.0,1
0,1,0,0.67,1,10,6.0,0
0,0,1,5.0,0,11,0.0,1
0,1,0,1.77,0,18,2.0,1
0,0,1,1.84,1,8,6.0,0
1,0,0,3.5,0,5,6.0,1
0,0,1,4.34,0,1,3.0,1
0,1,0,3.06,0,12,1.0,1
0,1,0,0.83,1,18,6.0,0
0,1,0,1.92,1,8,6.0,0
1,0,0,0.2,1,7,6.0,0
1,0,0,0.03,1,0,6.0,0
1,0,0,5.0,0,4,6.0,1
0,1,0,1.75,1,13,6.0,0
0,1,0,1.93,0,0,2.0,0
0,1,0,3.32,0,5,1.0,1
0,1,0,3.08,0,1,3.0,0
0,1,0,0.77,1,15,6.0,0
0,0,1,1.59,1,4,6.0,0
0,1,0,0.73,1,14,6.0,0
0,0,1,5.0,0,6,0.0,1
0,0,1,3.1,0,13,5.0,1
1,0,0,1.89,0,2,6.0,1
0,0,1,1.05,1,10,6.0,0
0,0,1,4.89,0,14,6.0,1
0,1,0,2.03,0,19,1.0,1
0,1,0,3.63,0,8,0.0,1
0,0,1,1.92,0,0,2.0,1
1,0,0,2.13,0,17,5.0,1
0,1,0,0.55,1,6,6.0,0
1,0,0,4.83,0,14,0.0,1
0,0,1,2.63,0,15,1.0,1
0,0,1,2.69,0,17,1.0,1
0,1,0,1.85,0,0,6.0,0
0,0,1,2.55,0,12,4.0,1
0,1,0,1.92,1,9,6.0,0
1,0,0,3.59,0,16,2.0,1
1,0,0,1.72,0,12,6.0,1
0,1,0,1.37,1,3,3.0,0
0,1,0,5.0,0,13,3.0,1
0,1,0,1.25,1,16,6.0,0
0,1,0,3.57,0,12,2.0,1
0,1,0,0.63,1,4,6.0,0
1,0,0,2.72,0,3,6.0,1
0,1,0,2.1,0,3,4.0,0
1,0,0,0.54,1,4,6.0,0
0,1,0,4.56,0,1,1.0,0
0,1,0,1.78,1,6,6.0,0
0,0,1,4.65,0,4,0.0,1
0,0,1,5.0,0,11,2.0,1
1,0,0,1.97,1,18,6.0,0
0,0,1,0.88,1,11,6.0,0
0,0,1,0.51,1,19,6.0,0
0,0,1,0.63,1,1,6.0,0
0,1,0,1.24,0,11,4.0,1
1,0,0,4.14,0,9,3.0,1
0,1,0,3.23,0,10,2.0,1
0,1,0,2.78,0,17,0.0,1
1,0,0,1.47,1,1,6.0,0
0,1,0,2.37,0,4,6.0,0
0,1,0,2.72,0,15,0.0,1
0,1,0,0.87,1,19,6.0,0
0,0,1,5.0,0,19,4.0,1
0,1,0,2.1,0,0,6.0,0
1,0,0,0.51,1,0,6.0,0
0,0,1,2.36,0,6,2.0,1
1,0,0,4.46,0,12,0.0,1
0,0,1,2.61,0,1,0.0,1
0,1,0,3.32,0,1,4.0,0
0,0,1,1.72,0,0,1.0,1
0,1,0,3.87,0,10,6.0,1
0,0,1,1.11,1,14,6.0,0
0,0,1,5.0,0,6,2.0,1
0,0,1,3.31,0,1,0.0,1
0,0,1,0.13,1,8,6.0,0
0,1,0,0.15,1,6,6.0,0
0,1,0,5.0,0,11,6.0,1
0,0,1,5.0,0,17,3.0,1
1,0,0,3.19,0,11,0.0,1
1,0,0,4.03,0,14,5.0,1
0,0,1,0.41,1,15,6.0,0
1,0,0,0.88,1,3,6.0,0
1,0,0,3.99,0,10,6.0,1
0,0,1,2.11,0,0,0.0,1
0,0,1,0.13,1,13,6.0,0
1,0,0,5.0,0,13,0.0,1
0,1,0,2.71,0,16,1.0,1
0,0,1,0.66,1,7,6.0,0
1,0,0,2.19,0,11,1.0,1
0,0,1,2.43,0,16,1.0,1
1,0,0,1.32,1,4,6.0,0
0,0,1,2.56,0,4,4.0,1
0,0,1,4.67,0,5,2.0,1
0,0,1,1.67,0,15,6.0,1
1,0,0,0.62,1,4,6.0,0
1,0,0,1.47,0,19,6.0,1
0,1,0,0.49,1,3,6.0,0
1,0,0,2.16,0,0,1.0,1
0,1,0,0.95,1,11,6.0,0
0,0,1,1.54,0,1,6.0,1
1,0,0,3.48,0,5,6.0,1
1,0,0,0.92,1,13,6.0,0
1,0,0,3.9,0,19,5.0,1
1,0,0,0.69,1,1,6.0,0
0,1,0,5.0,0,19,6.0,1
0,1,0,2.67,0,15,1.0,1
0,1,0,4.2,0,16,5.0,1
1,0,0,1.87,0,1,6.0,1
0,1,0,2.75,0,9,1.0,1
0,0,1,5.0,0,13,1.0,1
0,1,0,3.83,0,12,5.0,1
0,0,1,3.64,0,1,1.0,1
1,0,0,2.4,0,15,3.0,1
1,0,0,5.0,0,19,1.0,1
1,0,0,1.87,0,18,3.0,1
0,1,0,3.06,0,18,0.0,1
0,1,0,3.5,0,18,2.0,1
0,0,1,2.56,0,11,5.0,1
0,1,0,2.32,0,14,2.0,1
0,0,1,2.66,0,18,3.0,1
1,0,0,2.42,0,8,6.0,1
0,1,0,1.31,0,7,2.0,1
1,0,0,2.96,0,4,1.0,1
1,0,0,0.74,1,17,6.0,0
1,0,0,1.1,1,0,6.0,0
0,1,0,4.77,0,0,2.0,0
0,1,0,3.58,0,13,6.0,1
1,0,0,1.92,0,16,1.0,1
0,1,0,1.69,0,17,4.0,1
1,0,0,4.82,0,15,1.0,1
0,1,0,4.76,0,5,1.0,1
1,0,0,0.4,1,2,6.0,0
1,0,0,3.24,0,19,1.0,1
0,1,0,0.13,1,13,6.0,0
0,0,1,1.76,1,9,6.0,0
0,0,1,0.02,1,4,6.0,0
0,1,0,2.44,0,1,6.0,0
1,0,0,3.35,0,10,6.0,1
0,0,1,5.0,0,4,1.0,1
0,1,0,4.66,0,12,0.0,1
0,0,1,3.23,0,1,6.0,1
0,0,1,2.86,0,11,6.0,1
0,1,0,1.27,1,3,6.0,0
1,0,0,0.22,1,3,6.0,0
0,1,0,0.97,1,2,6.0,0
0,0,1,0.6,1,6,6.0,0
1,0,0,0.11,1,0,6.0,0
0,0,1,2.04,0,8,1.0,1
1,0,0,1.01,1,19,6.0,0
1,0,0,1.73,0,13,6.0,1
0,1,0,0.35,1,10,6.0,0
1,0,0,3.89,0,3,2.0,1
1,0,0,1.26,1,2,6.0,0
0,0,1,0.87,1,5,6.0,0
0,0,1,0.66,1,16,6.0,0
0,1,0,0.38,1,0,6.0,0
1,0,0,3.6,0,14,6.0,1
0,0,1,5.0,0,17,1.0,1
1,0,0,1.05,1,5,6.0,0
1,0,0,2.72,0,5,5.0,1
0,1,0,5.0,0,11,4.0,1
0,0,1,0.55,1,18,6.0,0
1,0,0,1.4,0,16,1.0,1
0,1,0,1.47,0,4,1.0,0
0,1,0,3.34,0,10,0.0,1
0,1,0,4.91,0,11,1.0,1
0,0,1,3.57,0,14,5.0,1
0,1,0,3.71,1,13,6.0,0
1,0,0,0.48,1,3,6.0,0
1,0,0,2.88,0,19,2.0,1
0,0,1,0.77,1,14,6.0,0
1,0,0,0.27,1,5,6.0,0
0,1,0,1.26,1,11,6.0,0
0,1,0,1.7,0,11,6.0,1
0,0,1,2.4,0,2,6.0,1
0,0,1,2.33,0,17,3.0,1
1,0,0,0.36,1,13,6.0,0
1,0,0,4.3,0,7,0.0,1
1,0,0,1.58,1,4,6.0,0
0,1,0,3.75,0,1,2.0,0
0,0,1,2.98,0,18,5.0,1
1,0,0,3.69,0,3,1.0,1
1,0,0,1.69,1,19,6.0,0
0,1,0,3.03,0,3,6.0,0
0,0,1,4.47,0,9,5.0,1
1,0,0,2.46,0,5,0.0,1
0,1,0,2.08,0,16,1.0,1
0,0,1,2.23,0,4,3.0,1
0,0,1,0.04,1,0,6.0,0
0,1,0,2.25,0,8,1.0,1
1,0,0,0.75,1,3,6.0,0
0,1,0,1.68,0,14,3.0,1
0,0,1,1.29,1,17,6.0,0
0,0,1,2.14,0,9,1.0,1
0,0,1,5.0,0,8,1.0,1
1,0,0,3.18,0,14,2.0,1
0,0,1,0.88,1,12,6.0,0
1,0,0,4.15,0,11,1.0,1
0,1,0,2.37,0,11,0.0,1
1,0,0,0.21,1,15,6.0,0
1,0,0,4.37,0,14,6.0,1
1,0,0,2.7,0,4,1.0,1
0,0,1,5.0,0,19,2.0,1
0,1,0,1.47,0,8,1.0,1
1,0,0,2.03,0,6,2.0,1
1,0,0,4.51,1,5,6.0,0
0,0,1,1.62,0,18,6.0,1
0,0,1,1.04,1,8,6.0,0
1,0,0,0.94,1,5,6.0,0
0,1,0,3.68,0,14,1.0,1
1,0,0,2.95,0,8,6.0,1
0,1,0,2.01,0,7,6.0,1
1,0,0,2.5,0,16,3.0,1
1,0,0,2.86,0,7,1.0,1
0,0,1,0.3,1,13,6.0,0
1,0,0,2.26,0,5,1.0,1
0,0,1,2.35,0,0,6.0,1
0,0,1,1.58,1,19,1.0,0
1,0,0,2.42,0,2,5.0,1
0,0,1,2.62,0,0,6.0,1
1,0,0,4.11,0,0,2.0,1
0,1,0,0.88,1,12,6.0,0
0,0,1,4.21,0,18,6.0,1
0,0,1,1.12,1,6,6.0,0
0,0,1,2.46,0,1,1.0,1
1,0,0,1.09,1,18,6.0,0
0,1,0,1.67,0,15,4.0,1
1,0,0,2.36,0,6,1.0,1
0,0,1,0.74,1,6,6.0,0
1,0,0,0.38,1,9,6.0,0
0,0,1,4.29,0,10,2.0,1
0,0,1,1.4,0,18,3.0,1
0,1,0,2.59,0,4,3.0,0
1,0,0,3.39,0,0,1.0,1
1,0,0,1.62,0,4,4.0,1
0,0,1,3.42,0,0,0.0,1
0,1,0,0.38,1,5,6.0,0
0,0,1,2.34,0,11,1.0,1
0,0,1,1.95,1,5,3.0,0
0,1,0,2.04,0,15,6.0,1
1,0,0,5.0,0,8,6.0,1
0,0,1,2.4,0,5,6.0,1
1,0,0,3.3,0,19,6.0,1
0,0,1,5.0,0,9,2.0,1
0,0,1,1.13,1,9,6.0,0
0,1,0,2.8,0,10,3.0,1
1,0,0,2.36,0,13,1.0,1
1,0,0,4.25,0,8,2.0,1
0,1,0,5.0,0,6,5.0,1
0,0,1,2.84,0,17,4.0,1
0,0,1,1.43,0,14,2.0,1
1,0,0,1.02,1,17,6.0,0
1,0,0,0.26,1,1,6.0,0
0,1,0,0.82,1,9,6.0,0
1,0,0,1.29,1,17,6.0,0
1,0,0,4.28,0,10,2.0,1
1,0,0,3.29,0,18,5.0,1
0,1,0,0.33,1,13,6.0,0
0,0,1,0.76,1,11,6.0,0
0,1,0,1.0,1,3,-171.0,0
1,0,0,5.0,0,17,0.0,1
1,0,0,3.5,0,12,6.0,1
1,0,0,1.64,0,6,6.0,1
1,0,0,0.73,1,12,6.0,0
0,0,1,1.62,0,19,2.0,1
0,1,0,1.25,1,3,6.0,0
1,0,0,2.63,0,1,1.0,1
1,0,0,1.85,0,8,6.0,1
0,0,1,1.28,1,19,4.0,0
0,0,1,0.5,1,8,6.0,0
0,1,0,0.03,1,5,6.0,0
1,0,0,4.65,0,12,2.0,1
0,0,1,3.46,0,14,3.0,1
0,1,0,1.93,0,18,6.0,1
0,1,0,2.94,0,3,1.0,0
0,1,0,1.72,1,6,1.0,0
0,0,1,1.03,1,14,6.0,0
0,0,1,0.75,1,10,6.0,0
0,1,0,1.95,0,8,2.0,1
0,0,1,2.85,0,18,2.0,1
1,0,0,1.54,0,7,2.0,1
0,1,0,4.2,0,15,0.0,1
0,0,1,0.48,1,12,6.0,0
1,0,0,1.46,0,1,4.0,1
0,0,1,3.66,0,4,6.0,1
0,1,0,5.0,0,16,6.0,1
0,0,1,2.55,0,17,4.0,1
1,0,0,0.45,1,13,6.0,0
0,1,0,1.99,0,19,5.0,1
1,0,0,1.93,0,0,0.0,1
0,1,0,2.17,0,19,1.0,1
0,0,1,2.35,0,10,5.0,1
0,0,1,5.0,0,2,0.0,1
0,1,0,0.59,1,12,6.0,0
0,0,1,1.27,1,3,6.0,0
0,0,1,0.78,1,13,6.0,0
0,1,0,0.64,1,15,6.0,0
1,0,0,0.4,1,18,6.0,0
1,0,0,1.19,1,0,6.0,0
0,0,1,1.29,1,13,6.0,0
0,1,0,0.58,1,11,6.0,0
0,1,0,2.12,1,13,6.0,0
0,1,0,2.38,0,17,1.0,1
1,0,0,1.31,1,8,6.0,0
1,0,0,2.44,0,2,4.0,1
1,0,0,5.0,0,18,1.0,1
0,0,1,1.2,0,7,3.0,1
0,1,0,1.36,1,19,1.0,0
1,0,0,5.0,0,7,5.0,1
0,1,0,1.92,0,19,2.0,1
0,0,1,2.88,0,18,1.0,1
1,0,0,2.16,0,3,6.0,1
0,1,0,1.72,0,5,1.0,1
1,0,0,2.68,0,15,2.0,1
0,0,1,4.31,0,2,0.0,1
1,0,0,2.63,0,9,4.0,1
0,1,0,1.93,0,7,1.0,1
0,1,0,5.0,0,15,5.0,1
1,0,0,2.61,0,0,0.0,1
0,1,0,5.0,0,7,6.0,1
1,0,0,1.41,1,10,6.0,0
1,0,0,1.82,1,2,6.0,0
0,1,0,1.01,1,11,6.0,0
1,0,0,0.47,1,7,6.0,0
0,1,0,5.0,0,0,4.0,0
0,0,1,5.0,0,3,1.0,1
0,1,0,0.29,1,8,6.0,0
0,1,0,3.1,0,12,1.0,1
1,0,0,1.16,1,3,6.0,0
0,0,1,2.27,0,3,6.0,1
1,0,0,4.83,0,10,3.0,1
0,0,1,2.46,0,16,0.0,1
0,1,0,3.17,0,10,2.0,1
1,0,0,5.0,0,10,6.0,1
1,0,0,3.55,0,4,6.0,1
0,1,0,2.68,0,3,4.0,0
1,0,0,1.95,0,2,2.0,1
0,0,1,2.37,0,2,2.0,1
0,1,0,3.95,0,7,4.0,1
0,1,0,3.1,0,8,6.0,1
0,1,0,0.35,1,1,6.0,0
1,0,0,2.05,0,9,6.0,1
0,1,0,3.48,0,3,4.0,0
0,0,1,2.76,0,15,4.0,1
1,0,0,1.24,0,7,3.0,1
0,1,0,0.38,1,18,6.0,0
0,1,0,3.19,0,14,0.0,1
0,1,0,1.38,1,19,6.0,0
1,0,0,3.71,0,9,0.0,1
0,0,1,5.0,1,10,6.0,0
1,0,0,0.39,1,6,6.0,0
0,0,1,3.32,0,5,3.0,1
0,0,1,0.49,1,13,6.0,0
1,0,0,1.27,1,15,6.0,0
1,0,0,2.54,0,10,1.0,1
0,1,0,1.35,1,16,6.0,0
0,0,1,3.69,0,13,6.0,1
0,0,1,1.25,1,6,5.0,0
0,1,0,3.37,0,1,2.0,0
0,1,0,1.56,0,3,3.0,0
0,0,1,0.97,1,7,6.0,0
1,0,0,1.93,0,1,1.0,1
0,1,0,1.69,0,6,6.0,1
0,0,1,0.14,1,2,6.0,0
0,0,1,0.09,1,6,6.0,0
0,0,1,4.45,0,8,3.0,1
0,0,1,3.75,0,2,5.0,1
0,1,0,5.0,0,14,4.0,1
0,1,0,5.0,0,9,0.0,1
0,1,0,1.7,1,12,6.0,0
0,0,1,4.85,0,11,2.0,1
1,0,0,4.24,0,8,6.0,1
0,1,0,0.06,1,9,6.0,0
0,1,0,2.14,0,17,0.0,1
0,1,0,4.94,0,6,6.0,1
0,0,1,0.63,1,15,6.0,0
1,0,0,2.51,0,18,5.0,1
1,0,0,2.72,0,13,2.0,1
0,1,0,4.5,0,17,1.0,1
0,1,0,0.2,1,11,6.0,0
1,0,0,2.36,0,19,2.0,1
0,0,1,1.93,0,9,6.0,1
1,0,0,1.35,1,9,6.0,0
0,0,1,2.77,1,14,6.0,0
0,0,1,3.9,0,14,3.0,1
0,0,1,5.0,0,16,6.0,1
1,0,0,3.08,0,11,1.0,1
1,0,0,5.0,0,12,0.0,1
1,0,0,0.62,1,18,6.0,0
1,0,0,2.8,0,12,6.0,1
0,1,0,1.31,1,2,2.0,0
1,0,0,2.44,0,10,1.0,1
1,0,0,3.28,0,13,0.0,1
1,0,0,4.23,0,17,3.0,1
1,0,0,1.27,1,3,1.0,0
0,1,0,1.6,1,18,6.0,0
0,1,0,2.95,0,9,2.0,1
0,0,1,3.01,0,11,2.0,1
0,1,0,2.15,1,5,6.0,0
1,0,0,2.24,0,7,2.0,1
1,0,0,0.96,1,8,6.0,0
0,1,0,3.25,0,6,0.0,1
1,0,0,4.3,0,4,3.0,1
0,1,0,1.36,1,17,6.0,0
1,0,0,2.61,0,5,0.0,1
0,0,1,4.15,0,0,1.0,1
1,0,0,0.53,1,11,6.0,0
0,1,0,0.01,1,5,6.0,0
1,0,0,5.0,0,3,6.0,1
0,1,0,3.61,0,0,1.0,0
0,1,0,1.37,1,10,6.0,0
0,0,1,2.26,0,7,1.0,1
0,1,0,1.17,0,2,1.0,0
0,0,1,1.01,1,0,6.0,0
0,0,1,2.36,0,7,6.0,1
0,1,0,0.45,1,2,6.0,0
0,1,0,1.12,1,8,3.0,0
1,0,0,2.95,0,2,1.0,1
1,0,0,4.89,0,10,1.0,1
1,0,0,2.03,1,19,6.0,0
1,0,0,2.9,0,9,3.0,1
0,0,1,0.44,1,5,6.0,0
0,1,0,1.28,1,0,6.0,0
0,0,1,0.28,1,19,6.0,0
0,0,1,2.04,0,18,6.0,1
0,1,0,1.99,0,1,5.0,0
0,1,0,1.79,0,10,1.0,1
0,0,1,2.17,0,17,1.0,1
0,1,0,0.08,1,17,6.0,0
1,0,0,2.8,0,17,6.0,1
0,0,1,0.22,1,3,6.0,0
0,0,1,5.0,0,15,5.0,1
0,1,0,0.71,1,4,6.0,0
0,0,1,1.46,1,18,6.0,0
0,0,1,2.66,0,17,1.0,1
0,1,0,1.02,1,4,6.0,0
0,1,0,0.5,1,14,6.0,0
0,0,1,1.47,1,12,6.0,0
0,0,1,0.86,1,11,6.0,0
1,0,0,0.15,1,12,6.0,0
0,0,1,0.84,1,17,6.0,0
0,0,1,1.65,0,7,2.0,1
1,0,0,3.75,0,2,3.0,1
0,1,0,2.14,0,1,5.0,0
0,0,1,0.89,1,6,6.0,0
0,0,1,0.37,1,11,6.0,0
0,1,0,0.12,1,2,6.0,0
1,0,0,0.51,1,7,6.0,0
0,0,1,0.59,1,3,6.0,0
0,0,1,0.39,1,9,6.0,0
0,1,0,3.89,0,9,1.0,1
0,0,1,3.18,0,7,0.0,1
1,0,0,0.66,1,15,6.0,0
1,0,0,2.46,0,1,3.0,1
0,1,0,2.66,0,2,6.0,0
0,1,0,3.05,0,6,6.0,1
0,0,1,1.72,0,5,1.0,1
0,0,1,1.94,0,16,3.0,1
0,0,1,3.38,0,12,3.0,1
0,1,0,3.4,0,15,3.0,1
1,0,0,2.02,0,9,5.0,1
0,1,0,2.39,0,19,0.0,1
0,0,1,3.28,0,16,2.0,1
0,0,1,2.99,0,7,5.0,1
0,0,1,1.05,1,1,6.0,0
0,0,1,0.67,1,4,6.0,0
0,1,0,1.59,0,6,1.0,1
1,0,0,0.28,1,1,6.0,0
1,0,0,2.49,0,5,3.0,1
0,0,1,1.21,0,17,6.0,1
0,0,1,2.33,0,3,6.0,1
0,0,1,2.78,0,9,4.0,1
1,0,0,4.85,1,18,6.0,0
0,1,0,3.24,0,6,4.0,1
1,0,0,3.02,0,9,1.0,1
0,1,0,2.68,0,10,4.0,1
0,1,0,1.08,1,10,6.0,0
0,1,0,0.19,1,18,6.0,0
0,0,1,1.1,1,13,6.0,0
1,0,0,2.51,1,19,6.0,0
0,0,1,4.84,0,6,1.0,1
0,0,1,1.52,0,15,6.0,1
0,0,1,2.67,0,8,2.0,1
1,0,0,0.85,1,14,6.0,0
0,1,0,0.35,1,8,6.0,0
0,0,1,5.0,0,14,4.0,1
0,1,0,2.06,0,0,6.0,0
0,1,0,0.01,1,18,6.0,0
0,0,1,2.04,0,1,6.0,1
0,0,1,0.44,1,16,6.0,0
0,1,0,3.1,0,14,6.0,1
0,1,0,0.99,1,13,6.0,0
0,0,1,1.23,1,10,1.0,0
0,1,0,4.07,0,12,1.0,1
0,1,0,5.0,0,13,0.0,1
1,0,0,2.0,0,4,2.0,1
0,1,0,0.9,1,6,6.0,0
0,0,1,3.78,0,4,3.0,1
0,0,1,1.08,1,11,6.0,0
0,1,0,1.58,1,19,6.0,0
1,0,0,5.0,0,13,4.0,1
1,0,0,0.44,1,19,6.0,0
1,0,0,5.0,0,5,0.0,1
0,0,1,0.02,1,8,6.0,0
0,0,1,2.12,0,7,4.0,1
0,0,1,2.24,0,9,6.0,1
1,0,0,1.98,0,11,6.0,1
1,0,0,0.36,1,9,6.0,0
0,1,0,3.49,0,0,1.0,0
0,0,1,2.92,0,16,1.0,1
0,1,0,1.25,1,15,6.0,0
0,0,1,3.49,0,11,4.0,1
0,1,0,0.9,1,11,6.0,0
1,0,0,1.8,0,11,6.0,1
0,0,1,5.0,0,5,6.0,1
1,0,0,2.68,0,4,0.0,1
0,1,0,0.82,1,2,6.0,0
0,0,1,0.26,1,4,6.0,0
1,0,0,1.97,0,11,6.0,1
0,1,0,3.54,0,10,0.0,1
1,0,0,1.91,0,10,2.0,1
0,0,1,3.99,0,6,0.0,1
0,0,1,5.0,0,10,5.0,1
0,1,0,4.47,0,7,2.0,1
1,0,0,2.35,0,7,0.0,1
1,0,0,2.11,0,18,0.0,1
0,0,1,1.72,1,16,6.0,0
0,1,0,2.97,0,2,2.0,0
0,0,1,0.55,1,2,6.0,0
1,0,0,5.0,0,5,3.0,1
0,1,0,1.97,0,1,2.0,0
0,1,0,1.31,1,19,6.0,0
1,0,0,4.57,1,6,6.0,0
0,1,0,1.19,0,10,2.0,1
0,1,0,0.08,1,9,6.0,0
1,0,0,3.95,0,3,1.0,1
1,0,0,0.84,1,7,6.0,0
0,1,0,2.86,0,1,0.0,0
1,0,0,0.22,1,0,6.0,0
0,1,0,4.45,0,16,0.0,1
1,0,0,3.05,0,16,2.0,1
0,1,0,3.11,0,2,0.0,0
1,0,0,2.33,0,15,4.0,1
0,0,1,0.39,1,13,6.0,0
0,1,0,5.0,0,1,6.0,0
1,0,0,0.04,1,10,6.0,0
1,0,0,1.69,0,10,5.0,1
0,0,1,0.84,1,10,6.0,0
0,1,0,1.11,1,2,6.0,0
1,0,0,3.68,0,17,1.0,1
0,1,0,1.58,0,4,1.0,0
0,1,0,0.88,1,3,6.0,0
1,0,0,1.99,0,13,2.0,1
1,0,0,2.6,0,3,1.0,1
0,0,1,5.0,0,4,5.0,1
1,0,0,1.04,1,9,6.0,0
1,0,0,1.89,0,8,6.0,1
0,1,0,1.73,0,15,6.0,1
0,1,0,2.22,0,2,2.0,0
0,1,0,5.0,0,14,1.0,1
1,0,0,3.07,0,2,3.0,1
0,1,0,2.59,0,19,0.0,1
0,1,0,3.05,0,0,6.0,0
0,1,0,0.61,1,19,6.0,0
1,0,0,0.83,1,12,6.0,0
0,0,1,1.73,0,6,6.0,1
1,0,0,4.72,0,17,0.0,1
1,0,0,1.07,1,14,6.0,0
1,0,0,2.51,0,1,4.0,1
0,1,0,0.21,1,7,6.0,0
1,0,0,0.22,1,1,6.0,0
1,0,0,2.25,0,5,1.0,1
0,1,0,1.1,1,13,6.0,0
0,1,0,3.16,0,14,4.0,1
0,0,1,2.71,0,18,6.0,1
0,1,0,1.85,0,3,3.0,0
1,0,0,1.25,1,2,1.0,0
1,0,0,2.92,0,6,1.0,1
1,0,0,1.21,1,17,6.0,0
0,0,1,1.39,1,5,6.0,0
0,1,0,5.0,0,9,3.0,1
0,0,1,1.4,1,5,6.0,0
0,0,1,0.38,1,12,6.0,0
1,0,0,0.55,1,13,6.0,0
1,0,0,1.85,0,3,6.0,1
0,0,1,0.51,1,9,6.0,0
1,0,0,3.84,0,1,6.0,1
0,1,0,5.0,0,3,1.0,0
1,0,0,1.29,0,6,6.0,1
1,0,0,0.91,1,3,6.0,0
0,1,0,4.87,0,18,1.0,1
0,1,0,1.48,0,10,2.0,1
0,0,1,3.51,0,13,1.0,1
0,1,0,2.3,0,5,3.0,1
0,1,0,1.22,1,6,6.0,0
1,0,0,0.89,1,4,6.0,0
0,0,1,2.14,0,1,6.0,1
1,0,0,0.81,1,3,6.0,0
0,0,1,2.49,0,0,5.0,1
0,1,0,2.37,0,1,6.0,0
1,0,0,2.38,0,9,1.0,1
0,0,1,2.3,0,0,2.0,1
0,1,0,0.02,1,18,6.0,0
0,1,0,0.1,1,18,6.0,0
1,0,0,5.0,0,6,1.0,1
0,1,0,2.86,0,13,2.0,1
1,0,0,5.0,0,12,3.0,1
0,0,1,0.16,1,16,6.0,0
1,0,0,3.1,0,17,2.0,1
1,0,0,4.69,0,5,0.0,1
0,1,0,2.22,0,19,0.0,1
1,0,0,0.67,1,2,6.0,0
0,1,0,1.35,1,11,3.0,0
0,1,0,0.55,1,3,6.0,0
1,0,0,2.64,0,11,2.0,1
0,0,1,1.86,0,5,6.0,1
1,0,0,5.0,0,3,1.0,1
1,0,0,1.99,0,1,1.0,1
0,0,1,4.5,0,7,1.0,1
0,0,1,1.0,1,12,6.0,0
0,1,0,2.65,1,18,6.0,0
0,1,0,1.02,1,5,6.0,0
0,1,0,3.13,0,12,3.0,1
0,0,1,5.0,1,8,5.0,0
0,1,0,0.45,1,9,6.0,0
1,0,0,5.0,0,7,2.0,1
0,0,1,0.62,1,14,6.0,0
0,0,1,1.23,1,15,6.0,0
1,0,0,1.66,0,16,4.0,1
0,1,0,2.39,0,12,6.0,1
1,0,0,1.74,1,9,6.0,0
0,0,1,0.24,1,3,6.0,0
1,0,0,1.15,1,13,6.0,0
1,0,0,2.74,0,18,1.0,1
0,0,1,2.52,0,3,1.0,1
1,0,0,0.24,1,12,6.0,0
0,0,1,1.59,0,8,6.0,1
1,0,0,5.0,0,6,4.0,1
0,1,0,0.35,1,9,6.0,0
1,0,0,2.65,0,18,6.0,1
1,0,0,1.81,1,19,6.0,0
1,0,0,4.23,0,7,1.0,1
0,1,0,3.94,0,8,1.0,1
1,0,0,3.65,0,15,3.0,1
1,0,0,1.33,0,10,2.0,1
0,1,0,1.09,1,12,6.0,0
0,0,1,1.16,1,6,6.0,0
0,0,1,1.85,1,8,6.0,0
1,0,0,2.68,0,9,0.0,1
1,0,0,1.2,1,11,6.0,0
0,0,1,2.54,0,5,6.0,1
0,1,0,1.42,0,2,0.0,0
0,0,1,2.64,0,2,5.0,1
0,0,1,1.57,0,13,2.0,1
0,0,1,1.25,1,2,6.0,0
1,0,0,0.92,1,11,6.0,0
1,0,0,2.08,0,14,2.0,1
0,0,1,2.82,0,0,0.0,1
0,1,0,3.84,0,13,0.0,1
0,1,0,1.76,1,10,6.0,0
0,1,0,1.86,0,14,1.0,1
0,1,0,2.76,0,14,6.0,1
0,1,0,5.0,0,5,4.0,1
0,0,1,0.31,1,19,6.0,0
1,0,0,2.24,0,11,5.0,1
1,0,0,0.61,1,10,6.0,0
0,1,0,0.3,1,12,6.0,0
0,0,1,3.51,0,17,0.0,1
0,1,0,0.39,1,12,6.0,0
1,0,0,1.54,1,7,4.0,0
1,0,0,0.72,1,6,6.0,0
0,0,1,3.41,0,14,5.0,1
1,0,0,3.85,0,13,6.0,1
0,0,1,2.57,0,2,4.0,1
1,0,0,3.05,0,7,3.0,1
0,0,1,2.91,0,5,6.0,1
1,0,0,3.02,0,15,2.0,1
0,0,1,3.74,0,11,3.0,1
0,1,0,1.82,0,14,2.0,1
1,0,0,0.98,1,10,6.0,0
0,1,0,4.73,0,10,2.0,1
1,0,0,1.93,1,1,1.0,0
0,0,1,0.53,1,15,6.0,0
0,1,0,2.6,0,7,1.0,1
0,1,0,2.75,0,7,6.0,1
0,0,1,3.3,0,15,1.0,1
1,0,0,0.83,1,19,6.0,0
1,0,0,4.45,0,2,3.0,1
0,0,1,4.53,1,19,6.0,0
0,0,1,5.0,0,11,6.0,1
0,0,1,5.0,0,0,6.0,1
0,0,1,1.93,1,5,3.0,0
0,0,1,1.01,1,12,6.0,0
1,0,0,5.0,0,0,0.0,1
0,1,0,5.0,0,18,0.0,1
1,0,0,5.0,0,14,5.0,1
0,1,0,3.34,0,6,1.0,1
0,0,1,1.24,0,1,1.0,1
1,0,0,0.33,1,10,6.0,0
0,0,1,2.92,0,3,0.0,1
1,0,0,1.16,1,13,6.0,0
1,0,0,2.95,0,17,5.0,1
0,0,1,0.8,1,16,6.0,0
0,1,0,0.47,1,17,6.0,0
0,1,0,1.22,0,7,5.0,1
0,0,1,2.89,0,0,6.0,1
1,0,0,5.0,0,15,6.0,1
0,1,0,5.0,0,19,1.0,1
0,0,1,0.82,1,1,6.0,0
0,0,1,2.43,1,8,6.0,0
0,0,1,2.55,0,13,0.0,1
0,0,1,1.07,1,18,6.0,0
1,0,0,2.22,0,5,0.0,1
0,1,0,2.29,0,6,1.0,1
0,1,0,2.43,0,18,6.0,1
1,0,0,1.93,0,4,4.0,1
0,0,1,4.66,0,3,1.0,1
0,0,1,1.53,0,14,2.0,1
1,0,0,2.37,0,14,2.0,1
1,0,0,0.93,1,4,6.0,0
0,0,1,1.35,1,7,3.0,0
1,0,0,5.0,0,1,1.0,1
0,1,0,0.19,1,10,6.0,0
0,1,0,0.0,1,2,6.0,0
1,0,0,0.32,1,10,6.0,0
0,1,0,0.18,1,3,6.0,0
1,0,0,5.0,0,4,2.0,1
0,1,0,2.24,0,18,1.0,1
0,1,0,1.16,1,1,3.0,0
0,0,1,2.0,0,1,5.0,1
0,1,0,2.27,0,19,1.0,1
0,0,1,1.14,0,15,6.0,1
0,0,1,2.47,0,1,3.0,1
0,1,0,2.47,0,19,6.0,1
0,1,0,0.21,1,6,6.0,0
0,1,0,0.29,1,7,6.0,0
1,0,0,2.37,0,5,1.0,1
0,1,0,0.63,1,15,6.0,0
0,0,1,0.08,1,19,6.0,0
1,0,0,4.14,0,6,4.0,1
0,1,0,1.29,1,11,6.0,0
1,0,0,4.92,0,12,3.0,1
1,0,0,1.44,1,9,1.0,0
1,0,0,3.86,0,1,0.0,1
0,1,0,0.69,1,19,6.0,0
0,0,1,5.0,0,1,4.0,1
0,1,0,4.94,0,8,5.0,1
0,0,1,1.3,1,9,6.0,0
0,0,1,0.61,1,2,6.0,0
0,0,1,1.83,0,17,5.0,1
0,1,0,0.47,1,3,6.0,0
0,1,0,5.0,0,7,1.0,1
0,0,1,1.61,1,7,6.0,0
0,1,0,0.9,1,19,6.0,0
0,0,1,1.82,0,2,6.0,1
0,1,0,0.58,1,6,6.0,0
1,0,0,3.16,0,15,0.0,1
0,0,1,0.41,1,0,6.0,0
0,0,1,1.38,1,19,6.0,0
0,0,1,4.14,0,4,1.0,1
1,0,0,1.72,0,15,4.0,1
0,1,0,1.82,0,5,1.0,1
1,0,0,5.0,0,10,1.0,1
0,1,0,0.72,1,7,6.0,0
0,1,0,5.0,0,7,3.0,1
1,0,0,5.0,0,8,3.0,1
0,1,0,0.35,1,14,6.0,0
1,0,0,2.27,0,11,1.0,1
1,0,0,2.97,0,0,1.0,1
1,0,0,4.52,0,16,5.0,1
1,0,0,1.85,0,9,4.0,1
0,1,0,2.05,0,9,0.0,1
1,0,0,2.43,0,7,5.0,1
0,0,1,0.91,1,5,6.0,0
1,0,0,0.5,1,18,6.0,0
0,0,1,3.53,0,9,2.0,1
0,0,1,0.9,1,17,6.0,0
1,0,0,5.0,0,8,1.0,1
0,0,1,2.64,0,7,0.0,1
1,0,0,1.04,1,1,6.0,0
0,1,0,3.3,0,19,2.0,1
0,1,0,4.81,0,13,1.0,1
0,1,0,1.33,0,16,5.0,1
0,0,1,2.36,0,1,2.0,1
0,1,0,0.04,1,12,6.0,0
0,1,0,2.62,0,17,5.0,1
1,0,0,1.95,0,13,6.0,1
0,1,0,5.0,0,10,0.0,1
0,1,0,2.84,0,4,3.0,0
0,1,0,0.58,1,8,6.0,0
1,0,0,1.5,0,3,0.0,1
1,0,0,1.91,0,5,3.0,1
0,1,0,2.58,0,0,5.0,0
0,0,1,3.01,0,5,5.0,1
0,1,0,1.74,1,10,1.0,0
0,1,0,1.25,0,13,6.0,1
0,1,0,1.14,1,15,6.0,0
0,1,0,1.28,0,14,6.0,1
0,1,0,0.56,1,0,6.0,0
0,0,1,1.05,1,0,6.0,0
0,1,0,1.05,1,14,6.0,0
0,0,1,1.88,0,10,6.0,1
0,0,1,0.52,1,5,6.0,0
1,0,0,0.3,1,18,6.0,0
0,0,1,2.45,0,14,6.0,1
0,0,1,1.93,0,5,2.0,1
1,0,0,4.74,0,15,5.0,1
0,1,0,1.75,0,7,2.0,1
1,0,0,2.73,0,2,2.0,1
0,1,0,2.74,0,8,6.0,1
0,1,0,0.19,1,19,6.0,0
0,1,0,2.07,0,2,1.0,0
0,0,1,1.15,1,3,1.0,0
0,0,1,0.35,1,17,6.0,0
1,0,0,2.62,0,19,0.0,1
1,0,0,1.14,1,11,6.0,0
0,0,1,1.35,1,16,6.0,0
1,0,0,5.0,0,16,4.0,1
0,1,0,2.44,0,7,6.0,1
0,0,1,0.7,1,17,6.0,0
1,0,0,5.0,0,2,0.0,1
0,1,0,0.59,1,11,6.0,0
0,0,1,3.62,0,9,1.0,1
0,1,0,5.0,0,16,1.0,1
0,0,1,0.4,1,14,6.0,0
0,0,1,3.05,0,1,4.0,1
0,0,1,2.92,0,4,6.0,1
0,1,0,2.32,0,15,4.0,1
0,0,1,1.35,1,3,6.0,0
1,0,0,1.04,1,3,6.0,0
0,0,1,0.53,1,3,6.0,0
1,0,0,1.91,0,14,1.0,1
0,1,0,1.97,0,4,1.0,0
0,1,0,4.59,0,15,6.0,1
1,0,0,4.24,0,10,1.0,1
0,1,0,2.44,0,18,1.0,1
1,0,0,2.7,0,7,4.0,1
0,0,1,4.51,0,13,3.0,1
0,1,0,1.2,1,1,6.0,0
0,1,0,0.13,1,7,6.0,0
0,0,1,4.34,0,4,3.0,1
1,0,0,2.89,0,9,6.0,1
0,0,1,2.78,0,16,4.0,1
1,0,0,0.65,1,2,6.0,0
0,0,1,0.69,1,5,6.0,0
0,0,1,0.16,1,9,6.0,0
0,0,1,0.24,1,4,6.0,0
1,0,0,0.22,1,9,6.0,0
0,0,1,3.11,0,4,1.0,1
0,0,1,1.08,1,6,6.0,0
0,0,1,0.76,1,12,6.0,0
0,0,1,0.89,1,5,6.0,0
0,0,1,0.84,1,18,6.0,0
0,1,0,1.28,0,16,6.0,1
1,0,0,1.9,0,14,4.0,1
1,0,0,1.69,1,10,6.0,0
0,1,0,4.99,0,18,0.0,1
1,0,0,1.12,1,11,6.0,0
1,0,0,3.21,0,9,4.0,1
0,1,0,1.63,0,18,4.0,1
1,0,0,4.51,0,3,1.0,1
0,0,1,5.0,0,16,3.0,1
0,0,1,0.59,1,2,6.0,0
0,1,0,1.41,1,19,6.0,0
0,0,1,0.81,1,15,6.0,0
0,0,1,5.0,0,3,4.0,1
0,0,1,1.7,1,0,6.0,0
0,1,0,0.87,1,10,6.0,0
0,1,0,1.98,0,3,6.0,0
0,0,1,5.0,0,7,3.0,1
0,1,0,1.05,1,16,6.0,0
1,0,0,0.93,1,12,6.0,0
0,0,1,2.37,0,14,0.0,1
0,1,0,5.0,0,5,1.0,1
0,0,1,1.16,1,11,6.0,0
1,0,0,0.54,1,13,6.0,0
1,0,0,2.84,0,5,0.0,1
0,1,0,1.71,0,8,6.0,1
1,0,0,0.77,1,3,6.0,0
0,1,0,2.68,0,17,1.0,1
1,0,0,1.82,0,12,6.0,1
0,1,0,0.26,1,3,6.0,0
1,0,0,4.2,0,17,0.0,1
1,0,0,2.58,0,4,6.0,1
0,0,1,3.76,0,0,1.0,1
0,1,0,3.27,1,1,6.0,0
0,1,0,5.0,0,18,5.0,1
0,0,1,1.63,0,10,0.0,1
0,0,1,0.57,1,4,6.0,0
1,0,0,3.74,0,7,2.0,1
0,1,0,2.2,0,4,3.0,0
1,0,0,4.39,0,11,3.0,1
0,0,1,1.57,0,5,6.0,1
0,0,1,1.46,1,12,6.0,0
0,0,1,2.44,0,11,6.0,1
0,0,1,5.0,0,7,5.0,1
0,0,1,2.3,0,2,2.0,1
0,1,0,3.74,0,7,3.0,1
0,0,1,2.76,0,10,1.0,1
1,0,0,5.0,0,18,4.0,1
0,0,1,0.32,1,12,6.0,0
1,0,0,0.3,1,0,6.0,0
0,1,0,3.4,0,2,3.0,0
0,0,1,0.25,1,6,6.0,0
0,1,0,1.67,0,7,5.0,1
0,0,1,2.37,0,5,2.0,1
1,0,0,1.32,0,5,1.0,1
0,0,1,1.04,0,7,6.0,1
0,1,0,5.0,0,10,2.0,1
0,0,1,1.82,0,10,6.0,1
1,0,0,2.4,1,16,6.0,0
0,0,1,2.41,0,15,3.0,1
0,0,1,4.76,0,3,3.0,1
1,0,0,1.17,0,18,4.0,1
0,0,1,3.3,0,19,0.0,1
0,0,1,3.72,0,16,1.0,1
0,0,1,2.23,0,7,2.0,1
0,0,1,3.78,0,18,1.0,1
1,0,0,2.48,0,11,1.0,1
0,0,1,1.1,1,1,6.0,0
0,1,0,2.89,0,4,6.0,0
0,1,0,2.01,0,8,4.0,1
0,1,0,0.12,1,9,6.0,0
0,0,1,2.03,0,18,6.0,1
0,1,0,5.0,0,18,3.0,1
0,1,0,2.17,0,14,6.0,1
1,0,0,0.04,1,17,6.0,0
1,0,0,3.27,0,15,3.0,1
0,1,0,5.0,0,1,4.0,0
0,0,1,3.6,0,17,5.0,1
1,0,0,1.67,0,12,0.0,1
0,1,0,1.43,0,4,6.0,0
1,0,0,2.63,1,14,6.0,0
0,0,1,3.49,0,2,0.0,1
1,0,0,1.16,1,4,6.0,0
1,0,0,3.79,0,9,0.0,1
0,0,1,5.0,0,10,2.0,1
0,0,1,2.2,0,8,1.0,1
0,0,1,0.42,1,13,6.0,0
0,1,0,0.29,1,10,6.0,0
1,0,0,0.63,1,9,6.0,0
1,0,0,5.0,0,16,2.0,1
1,0,0,5.0,0,5,6.0,1
1,0,0,1.81,0,8,6.0,1
1,0,0,3.33,0,1,6.0,1
0,0,1,4.05,0,9,6.0,1
1,0,0,0.81,1,11,6.0,0
0,1,0,2.87,0,1,2.0,0
1,0,0,1.51,0,7,6.0,1
0,0,1,2.12,0,2,4.0,1
1,0,0,1.56,0,14,5.0,1
0,1,0,2.9,0,11,4.0,1
1,0,0,2.28,0,5,2.0,1
1,0,0,2.0,0,14,6.0,1
0,0,1,0.18,1,2,6.0,0
0,1,0,1.42,0,14,3.0,1
0,0,1,2.68,0,9,4.0,1
0,0,1,0.85,1,11,6.0,0
0,0,1,2.46,0,12,1.0,1
0,0,1,2.08,0,19,6.0,1
0,1,0,5.0,0,2,3.0,0
0,1,0,0.74,1,16,6.0,0
0,0,1,1.76,0,14,3.0,1
0,0,1,4.51,0,5,2.0,1
0,0,1,5.0,0,1,2.0,1
0,0,1,1.89,1,1,6.0,0
0,1,0,5.0,0,12,2.0,1
1,0,0,0.5,1,8,6.0,0
1,0,0,4.73,0,16,1.0,1
0,0,1,2.27,0,2,0.0,1
0,1,0,1.45,0,2,5.0,0
1,0,0,3.26,0,7,1.0,1
0,0,1,2.05,0,16,6.0,1
0,0,1,4.65,0,12,3.0,1
0,0,1,2.5,0,11,0.0,1
0,1,0,5.0,0,16,3.0,1
0,0,1,0.77,1,19,6.0,0
0,0,1,1.6,1,19,6.0,0
0,1,0,3.6,0,16,3.0,1
0,0,1,2.34,0,19,1.0,1
1,0,0,0.07,1,14,6.0,0
0,1,0,2.27,0,8,1.0,1
1,0,0,0.52,1,17,6.0,0
0,0,1,2.31,0,18,1.0,1
0,0,1,0.04,1,8,6.0,0
1,0,0,2.47,0,5,6.0,1
1,0,0,5.0,0,14,2.0,1
0,0,1,3.05,0,6,1.0,1
0,0,1,3.36,0,15,1.0,1
0,1,0,1.0,1,2,-4562.0,0
0,0,1,1.9,0,10,1.0,1
1,0,0,1.51,0,13,5.0,1
0,0,1,5.0,0,18,5.0,1
0,0,1,0.76,1,7,6.0,0
0,1,0,3.05,0,12,0.0,1
0,1,0,2.65,0,3,3.0,0
0,1,0,1.56,1,18,6.0,0
0,1,0,5.0,0,12,5.0,1
1,0,0,2.92,0,4,5.0,1
0,1,0,3.01,0,1,4.0,0
1,0,0,1.41,1,16,6.0,0
0,1,0,4.59,0,9,4.0,1
0,0,1,0.12,1,13,6.0,0
0,0,1,1.21,0,11,5.0,1
0,0,1,0.69,1,15,6.0,0
1,0,0,1.3,1,1,6.0,0
0,0,1,1.04,1,3,6.0,0
1,0,0,3.21,0,19,3.0,1
1,0,0,2.15,0,10,6.0,1
0,0,1,3.13,0,3,6.0,1
0,0,1,0.17,1,5,6.0,0
0,0,1,1.06,1,10,6.0,0
1,0,0,1.5,0,7,6.0,1
0,1,0,4.12,0,2,0.0,0
0,1,0,5.0,0,12,4.0,1
0,0,1,1.77,1,19,6.0,0
0,0,1,4.69,0,16,1.0,1
1,0,0,1.71,1,17,6.0,0
0,0,1,0.45,1,3,6.0,0
0,0,1,2.39,0,8,5.0,1
0,1,0,1.5,0,6,1.0,1
0,0,1,3.99,0,10,0.0,1
0,0,1,3.4,0,13,6.0,1
1,0,0,1.22,1,4,6.0,0
0,1,0,4.41,0,7,0.0,1
1,0,0,1.33,1,8,6.0,0
1,0,0,0.9,1,9,6.0,0
1,0,0,1.05,1,11,6.0,0
1,0,0,0.68,1,18,6.0,0
0,1,0,2.54,0,10,3.0,1
1,0,0,1.73,0,12,6.0,1
1,0,0,0.8,1,13,6.0,0
0,1,0,2.76,0,0,4.0,0
1,0,0,4.76,0,11,3.0,1
0,1,0,2.67,0,0,5.0,0
0,0,1,5.0,0,5,1.0,1
0,0,1,0.99,1,16,6.0,0
1,0,0,0.33,1,12,6.0,0
0,0,1,2.53,0,11,6.0,1
0,0,1,1.4,0,15,3.0,1
0,0,1,3.7,0,7,6.0,1
1,0,0,2.8,0,7,0.0,1
0,1,0,1.34,1,9,6.0,0
0,0,1,2.97,0,10,1.0,1
0,0,1,1.9,0,5,2.0,1
1,0,0,1.91,1,12,6.0,0
0,1,0,3.96,0,4,6.0,0
0,1,0,3.67,0,14,0.0,1
0,0,1,3.94,0,15,2.0,1
0,1,0,3.02,0,19,3.0,1
0,0,1,1.59,0,15,6.0,1
0,0,1,1.46,1,9,6.0,0
0,0,1,3.66,0,9,6.0,1
0,1,0,1.51,0,6,1.0,1
0,0,1,2.31,0,14,2.0,1
0,0,1,0.37,1,7,6.0,0
1,0,0,0.39,1,0,6.0,0
0,0,1,2.04,0,13,4.0,1
1,0,0,1.59,1,14,3.0,0
1,0,0,4.85,0,15,0.0,1
0,0,1,5.0,0,5,3.0,1
1,0,0,2.22,0,1,6.0,1
0,1,0,2.26,0,10,2.0,1
0,0,1,0.08,1,9,6.0,0
1,0,0,0.07,1,12,6.0,0
0,1,0,4.07,0,3,1.0,0
0,0,1,1.3,0,16,4.0,1
0,0,1,1.01,1,9,6.0,0
1,0,0,1.5,0,12,0.0,1
0,0,1,5.0,0,18,0.0,1
1,0,0,1.94,0,19,2.0,1
1,0,0,2.86,0,16,4.0,1
0,0,1,0.68,1,9,6.0,0
1,0,0,0.35,1,12,6.0,0
1,0,0,1.13,1,8,6.0,0
1,0,0,2.42,0,1,6.0,1
1,0,0,0.4,1,11,6.0,0
1,0,0,2.52,0,2,4.0,1
0,1,0,0.14,1,13,6.0,0
0,1,0,0.98,1,11,6.0,0
1,0,0,0.13,1,18,6.0,0
0,0,1,2.69,0,3,2.0,1
0,0,1,1.32,1,8,1.0,0
1,0,0,1.05,1,13,6.0,0
0,1,0,2.56,0,0,6.0,0
0,1,0,1.11,0,1,6.0,0
1,0,0,0.84,1,6,6.0,0
1,0,0,1.1,1,8,6.0,0
0,1,0,1.92,0,4,6.0,0
1,0,0,2.48,0,13,3.0,1
0,1,0,0.28,1,17,6.0,0
0,0,1,0.66,1,11,6.0,0
0,0,1,5.0,0,12,2.0,1
0,0,1,2.14,0,18,1.0,1
1,0,0,3.49,0,14,1.0,1
0,1,0,3.04,0,11,1.0,1
1,0,0,3.08,0,4,6.0,1
1,0,0,5.0,0,14,0.0,1
0,0,1,0.87,1,13,6.0,0
0,1,0,3.07,0,14,1.0,1
1,0,0,1.93,0,12,0.0,1
0,1,0,0.62,1,1,6.0,0
0,1,0,5.0,0,18,6.0,1
1,0,0,2.48,0,3,2.0,1
0,0,1,2.08,1,1,6.0,0
1,0,0,0.6,1,5,6.0,0
0,0,1,1.29,0,13,5.0,1
0,1,0,1.85,0,11,6.0,1
1,0,0,0.53,1,10,6.0,0
0,1,0,1.88,0,12,6.0,1
0,1,0,5.0,1,4,1.0,0
1,0,0,0.16,1,8,6.0,0
0,0,1,0.44,1,15,6.0,0
1,0,0,1.79,1,7,6.0,0
1,0,0,4.04,0,3,1.0,1
0,0,1,2.96,0,15,6.0,1
0,0,1,2.44,0,9,2.0,1
0,1,0,4.61,0,18,4.0,1
0,0,1,0.06,1,10,6.0,0
0,1,0,5.0,0,3,3.0,0
0,1,0,1.64,0,15,6.0,1
0,1,0,1.81,0,0,3.0,0
1,0,0,0.71,1,17,6.0,0
0,1,0,2.54,0,16,6.0,1
0,1,0,1.4,0,11,4.0,1
1,0,0,2.0,0,12,4.0,1
1,0,0,1.41,0,4,6.0,1
0,0,1,0.93,1,16,6.0,0
0,1,0,1.46,1,0,6.0,0
1,0,0,0.61,1,0,6.0,0
1,0,0,2.18,0,11,1.0,1
1,0,0,4.34,0,2,0.0,1
0,1,0,0.82,1,1,6.0,0
0,0,1,1.57,1,0,6.0,0
0,1,0,2.99,0,10,3.0,1
0,0,1,1.56,1,18,6.0,0
0,1,0,0.12,1,13,6.0,0
1,0,0,2.15,0,3,5.0,1
0,0,1,3.74,0,5,2.0,1
0,0,1,1.6,1,5,6.0,0
0,0,1,0.3,1,7,6.0,0
0,1,0,0.98,1,5,6.0,0
0,1,0,1.66,1,16,2.0,0
0,0,1,4.61,0,12,0.0,1
1,0,0,0.86,1,16,6.0,0
0,1,0,1.63,0,6,6.0,1
1,0,0,0.04,1,6,6.0,0
0,0,1,2.1,0,15,5.0,1
0,0,1,1.0,1,9,-1926.0,0
0,1,0,2.06,0,15,0.0,1
0,1,0,1.92,0,15,6.0,1
0,1,0,5.0,0,4,3.0,0
0,1,0,3.8,0,3,1.0,0
0,1,0,1.72,0,18,1.0,1
1,0,0,1.49,1,17,6.0,0
0,1,0,1.6,1,11,6.0,0
0,1,0,2.17,0,5,3.0,1
0,1,0,0.23,1,11,6.0,0
1,0,0,0.95,1,13,6.0,0
0,0,1,0.88,1,9,6.0,0
0,1,0,4.19,0,7,0.0,1
1,0,0,1.27,0,17,3.0,1
0,0,1,0.97,1,6,6.0,0
1,0,0,2.09,0,11,6.0,1
0,1,0,0.26,1,4,6.0,0
0,0,1,0.94,1,11,6.0,0
0,1,0,3.56,0,12,4.0,1
0,0,1,5.0,0,7,0.0,1
0,1,0,2.18,0,3,1.0,0
0,1,0,3.37,0,16,0.0,1
1,0,0,0.43,1,7,6.0,0
0,1,0,1.83,0,4,0.0,0
0,1,0,2.92,0,11,2.0,1
0,1,0,2.3,0,3,1.0,0
0,0,1,3.76,0,0,4.0,1
1,0,0,2.83,0,7,1.0,1
0,0,1,0.39,1,1,6.0,0
1,0,0,2.77,1,7,6.0,0
0,0,1,5.0,0,10,0.0,1
0,0,1,0.29,1,11,6.0,0
0,1,0,5.0,1,16,6.0,0
1,0,0,2.16,0,17,6.0,1
0,1,0,2.14,0,0,3.0,0
1,0,0,0.95,1,14,6.0,0
0,0,1,1.07,1,7,6.0,0
0,0,1,0.27,1,12,6.0,0
0,1,0,0.84,1,8,6.0,0
0,0,1,5.0,0,7,2.0,1
0,0,1,0.85,1,12,6.0,0
1,0,0,3.78,0,17,6.0,1
1,0,0,1.85,0,17,3.0,1
0,0,1,1.61,0,10,3.0,1
0,1,0,3.63,0,12,0.0,1
0,1,0,3.18,0,0,2.0,0
0,0,1,3.94,0,3,1.0,1
1,0,0,4.51,0,19,0.0,1
0,1,0,0.6,1,15,6.0,0
1,0,0,4.43,0,18,4.0,1
1,0,0,3.48,0,0,6.0,1
0,0,1,2.82,1,18,6.0,0
0,1,0,0.35,1,0,6.0,0
1,0,0,2.13,0,16,6.0,1
1,0,0,3.19,0,1,1.0,1
1,0,0,0.73,1,18,6.0,0
1,0,0,0.37,1,13,6.0,0
1,0,0,0.05,1,3,6.0,0
0,1,0,1.07,1,15,6.0,0
0,0,1,0.58,1,18,6.0,0
0,1,0,1.0,1,3,6.0,0
0,1,0,1.27,1,11,6.0,0
0,1,0,1.21,1,11,6.0,0
0,0,1,5.0,0,16,1.0,1
0,0,1,1.09,1,9,2.0,0
1,0,0,2.66,0,8,1.0,1
0,0,1,2.04,0,13,1.0,1
1,0,0,3.04,0,6,1.0,1
0,0,1,3.99,0,18,3.0,1
0,0,1,5.0,0,14,1.0,1
0,0,1,0.98,1,3,6.0,0
0,0,1,3.09,0,0,3.0,1
0,0,1,5.0,0,5,0.0,1
1,0,0,3.21,0,7,2.0,1
0,0,1,3.16,1,12,6.0,0
0,1,0,4.16,0,6,1.0,1
0,1,0,0.94,1,2,6.0,0
1,0,0,0.78,1,11,6.0,0
0,0,1,0.64,1,6,6.0,0
0,1,0,0.89,1,12,6.0,0
0,0,1,2.1,0,11,4.0,1
0,0,1,3.87,0,5,0.0,1
0,0,1,2.51,0,9,1.0,1
1,0,0,2.95,0,9,6.0,1
1,0,0,0.22,1,15,6.0,0
1,0,0,1.97,0,1,4.0,1
1,0,0,4.17,0,5,2.0,1
0,0,1,1.25,1,11,6.0,0
1,0,0,2.19,0,10,2.0,1
1,0,0,1.98,0,5,1.0,1
1,0,0,1.87,0,6,6.0,1
1,0,0,1.05,1,12,6.0,0
0,0,1,2.32,0,15,3.0,1
1,0,0,2.1,0,3,3.0,1
0,1,0,3.83,0,1,1.0,0
0,0,1,3.23,0,0,5.0,1
0,1,0,4.96,0,3,6.0,0
0,0,1,2.21,0,8,1.0,1
0,0,1,0.56,1,8,6.0,0
0,1,0,5.0,0,14,6.0,1
0,0,1,2.05,0,10,0.0,1
0,0,1,1.66,0,19,6.0,1
0,0,1,0.92,1,4,6.0,0
1,0,0,2.85,0,13,1.0,1
0,1,0,0.42,1,14,6.0,0
0,1,0,1.59,0,4,2.0,0
1,0,0,3.2,0,5,5.0,1
1,0,0,1.14,1,1,6.0,0
1,0,0,0.61,1,6,6.0,0
0,1,0,5.0,0,7,0.0,1
0,1,0,1.53,1,0,6.0,0
0,1,0,5.0,0,16,4.0,1
0,1,0,2.02,0,15,2.0,1
0,1,0,2.41,0,10,6.0,1
0,0,1,5.0,0,14,6.0,1
0,1,0,4.14,0,6,0.0,1
0,1,0,1.73,0,0,6.0,0
1,0,0,5.0,0,1,2.0,1
0,0,1,1.77,0,8,6.0,1
0,1,0,2.49,0,7,2.0,1
0,1,0,2.74,0,12,4.0,1
0,1,0,1.03,1,11,6.0,0
0,1,0,2.89,1,7,6.0,0
1,0,0,2.02,1,16,6.0,0
0,0,1,1.07,1,3,6.0,0
1,0,0,2.72,0,15,2.0,1
0,1,0,4.24,0,6,1.0,1
0,1,0,2.31,0,15,6.0,1
0,1,0,2.08,0,5,0.0,1
1,0,0,1.65,1,6,6.0,0
1,0,0,3.66,1,5,6.0,0
0,0,1,3.06,0,18,3.0,1
0,0,1,5.0,0,9,4.0,1
1,0,0,3.08,0,7,6.0,1
0,0,1,2.55,0,17,2.0,1
1,0,0,0.47,1,5,6.0,0
0,1,0,2.0,0,15,1.0,1
1,0,0,0.01,1,17,6.0,0
0,1,0,0.51,1,4,6.0,0
0,0,1,4.76,0,1,2.0,1
0,0,1,2.73,0,6,3.0,1
0,1,0,0.58,1,13,6.0,0
0,1,0,0.5,1,16,6.0,0
0,1,0,0.81,1,7,6.0,0
0,1,0,1.21,1,8,6.0,0
1,0,0,2.13,1,4,6.0,0
1,0,0,1.76,0,1,5.0,1
1,0,0,2.9,0,11,0.0,1
0,1,0,1.22,0,1,6.0,0
0,1,0,3.62,0,15,5.0,1
0,1,0,3.38,0,0,1.0,0
1,0,0,4.29,0,18,4.0,1
1,0,0,3.86,0,19,3.0,1
0,0,1,0.51,1,11,6.0,0
1,0,0,4.35,0,19,1.0,1
0,0,1,1.02,1,15,6.0,0
1,0,0,0.91,1,9,6.0,0
0,1,0,4.55,0,8,2.0,1
1,0,0,5.0,0,0,5.0,1
1,0,0,2.32,0,7,1.0,1
1,0,0,1.21,1,11,6.0,0
1,0,0,1.33,1,12,1.0,0
0,1,0,2.93,0,0,1.0,0
0,1,0,1.63,0,17,6.0,1
1,0,0,3.08,0,12,0.0,1
1,0,0,2.78,0,17,2.0,1
0,1,0,0.22,1,5,6.0,0
0,1,0,2.94,0,18,6.0,1
1,0,0,4.42,0,4,6.0,1
0,0,1,0.18,1,1,6.0,0
0,0,1,1.1,1,15,6.0,0
0,1,0,2.04,0,2,2.0,0
0,1,0,2.71,1,1,6.0,0
0,0,1,2.79,1,9,4.0,0
1,0,0,2.26,0,3,1.0,1
1,0,0,0.49,1,15,6.0,0
1,0,0,2.36,0,3,6.0,1
0,0,1,5.0,0,16,0.0,1
0,0,1,1.81,0,17,6.0,1
1,0,0,2.97,0,8,1.0,1
0,1,0,1.59,0,15,6.0,1
0,1,0,1.71,0,13,1.0,1
0,0,1,1.68,0,3,1.0,1
0,1,0,1.75,1,14,1.0,0
0,1,0,3.16,0,10,3.0,1
1,0,0,2.06,0,1,5.0,1
0,0,1,4.11,0,1,3.0,1
1,0,0,1.97,1,12,6.0,0
1,0,0,4.08,0,4,3.0,1
1,0,0,1.99,0,7,5.0,1
0,1,0,2.11,0,16,6.0,1
1,0,0,0.28,1,7,6.0,0
0,0,1,0.11,1,0,6.0,0
0,1,0,0.1,1,12,6.0,0
0,0,1,0.33,1,6,6.0,0
0,1,0,2.3,0,9,1.0,1
0,1,0,1.48,0,4,6.0,0
0,1,0,3.51,0,3,6.0,0
0,0,1,5.0,0,14,2.0,1
1,0,0,4.26,1,15,6.0,0
1,0,0,1.81,1,13,6.0,0
0,1,0,3.78,0,12,5.0,1
1,0,0,2.03,0,6,1.0,1
0,0,1,1.31,1,10,2.0,0
1,0,0,1.67,0,15,6.0,1
0,1,0,3.35,0,15,3.0,1
1,0,0,0.21,1,2,6.0,0
0,0,1,0.44,1,10,6.0,0
0,0,1,0.16,1,11,6.0,0
0,1,0,2.47,0,12,2.0,1
0,1,0,2.06,0,15,6.0,1
0,1,0,2.11,0,10,5.0,1
0,1,0,1.99,0,2,3.0,0
1,0,0,0.2,1,18,6.0,0
0,1,0,1.44,1,17,6.0,0
0,1,0,2.13,0,12,1.0,1
0,0,1,0.04,1,7,6.0,0
0,1,0,1.51,0,1,6.0,0
0,0,1,0.5,1,12,6.0,0
0,0,1,0.5,1,6,6.0,0
0,1,0,0.47,1,19,6.0,0
1,0,0,2.01,0,19,2.0,1
1,0,0,2.29,0,11,0.0,1
0,1,0,2.29,1,11,6.0,0
0,0,1,5.0,0,15,3.0,1
0,0,1,2.18,0,15,6.0,1
0,0,1,4.88,0,19,2.0,1
0,1,0,2.26,0,9,1.0,1
0,0,1,2.12,0,13,6.0,1
0,0,1,0.73,1,6,6.0,0
0,0,1,3.28,0,5,1.0,1
0,0,1,0.63,1,9,6.0,0
0,0,1,1.6,1,5,1.0,0
1,0,0,3.8,0,4,1.0,1
0,0,1,0.27,1,2,6.0,0
1,0,0,2.23,0,8,1.0,1
0,1,0,1.6,0,9,1.0,1
0,1,0,3.31,0,4,0.0,0
1,0,0,2.04,0,11,6.0,1
0,0,1,1.06,1,19,6.0,0
1,0,0,0.06,1,18,6.0,0
1,0,0,5.0,0,15,4.0,1
0,1,0,0.69,1,6,6.0,0
0,0,1,2.61,0,5,1.0,1
0,1,0,0.86,1,16,6.0,0
0,0,1,2.3,0,13,6.0,1
0,1,0,1.09,1,17,6.0,0
0,0,1,0.92,1,8,6.0,0
0,0,1,1.63,1,1,6.0,0
0,0,1,2.01,0,3,1.0,1
0,1,0,1.5,0,19,6.0,1
1,0,0,0.44,1,1,6.0,0
1,0,0,3.45,0,3,6.0,1
0,0,1,2.35,0,17,1.0,1
0,0,1,0.25,1,5,6.0,0
1,0,0,2.84,0,5,1.0,1
0,0,1,1.69,0,16,1.0,1
0,0,1,1.6,1,16,6.0,0
0,1,0,0.43,1,15,6.0,0
1,0,0,1.46,0,14,3.0,1
0,1,0,2.04,0,17,6.0,1
0,0,1,2.69,0,11,5.0,1
1,0,0,5.0,0,6,6.0,1
0,1,0,0.47,1,0,6.0,0
0,0,1,0.53,1,17,6.0,0
1,0,0,2.71,0,13,3.0,1
1,0,0,0.73,1,0,6.0,0
1,0,0,1.41,1,19,6.0,0
0,1,0,0.88,1,4,6.0,0
0,1,0,2.28,0,7,4.0,1
0,0,1,0.68,1,18,6.0,0
1,0,0,0.48,1,18,6.0,0
1,0,0,4.3,0,0,1.0,1
0,0,1,3.72,0,12,0.0,1
0,0,1,4.12,0,7,4.0,1
1,0,0,2.49,0,9,5.0,1
1,0,0,3.53,0,15,3.0,1
1,0,0,0.34,1,0,6.0,0
0,1,0,4.37,0,0,2.0,0
1,0,0,1.77,1,10,1.0,0
1,0,0,1.11,0,6,6.0,1
0,0,1,1.64,0,10,6.0,1
0,1,0,0.03,1,3,6.0,0
0,0,1,1.47,1,3,6.0,0
0,1,0,2.34,0,19,1.0,1
0,1,0,0.85,1,4,6.0,0
1,0,0,0.74,1,4,6.0,0
0,0,1,0.79,1,16,6.0,0
0,1,0,0.69,1,14,6.0,0
1,0,0,2.8,0,4,1.0,1
0,0,1,2.46,0,7,1.0,1
0,0,1,1.34,0,14,1.0,1
0,1,0,1.12,1,0,6.0,0
1,0,0,2.46,0,18,4.0,1
0,1,0,1.21,1,10,6.0,0
0,1,0,2.0,0,0,6.0,0
0,0,1,3.45,0,2,0.0,1
0,0,1,2.14,0,15,2.0,1
1,0,0,1.02,1,7,6.0,0
1,0,0,1.85,1,13,6.0,0
0,1,0,2.76,0,15,1.0,1
0,1,0,0.08,1,11,6.0,0
0,1,0,0.96,1,9,6.0,0
0,0,1,2.67,0,19,2.0,1
1,0,0,5.0,0,12,2.0,1
0,0,1,5.0,0,6,5.0,1
1,0,0,4.19,0,3,3.0,1
0,0,1,1.91,0,7,6.0,1
0,0,1,0.05,1,3,6.0,0
0,1,0,1.49,1,11,6.0,0
0,1,0,5.0,0,1,2.0,0
0,1,0,2.21,0,3,1.0,0
0,0,1,2.76,0,4,6.0,1
0,0,1,2.43,1,11,6.0,0
1,0,0,1.22,0,14,6.0,1
0,1,0,0.32,1,18,6.0,0
0,0,1,1.47,0,13,3.0,1
0,1,0,1.97,1,1,6.0,0
0,0,1,0.4,1,15,6.0,0
1,0,0,2.02,0,13,6.0,1
0,1,0,4.95,0,7,1.0,1
0,0,1,5.0,0,4,4.0,1
0,1,0,1.55,0,14,5.0,1
1,0,0,3.54,0,2,2.0,1
1,0,0,0.33,1,0,6.0,0
1,0,0,1.85,0,12,6.0,1
1,0,0,0.82,1,8,6.0,0
1,0,0,1.31,1,19,5.0,0
0,1,0,0.52,1,8,6.0,0
1,0,0,3.11,0,6,5.0,1
1,0,0,0.61,1,15,6.0,0
0,0,1,1.22,1,19,6.0,0
0,1,0,2.15,0,10,5.0,1
1,0,0,5.0,0,18,3.0,1
1,0,0,1.98,0,6,4.0,1
0,1,0,4.28,0,19,2.0,1
0,1,0,5.0,0,8,1.0,1
0,1,0,0.77,1,3,6.0,0
0,1,0,5.0,0,4,0.0,0
1,0,0,2.07,0,2,6.0,1
0,1,0,2.16,0,9,0.0,1
0,1,0,0.33,1,11,6.0,0
1,0,0,1.14,0,0,2.0,1
0,1,0,0.58,1,1,6.0,0
1,0,0,2.4,0,8,0.0,1
1,0,0,3.09,0,2,6.0,1
1,0,0,2.54,0,9,1.0,1
0,1,0,2.22,1,15,6.0,0
1,0,0,0.04,1,1,6.0,0
0,1,0,0.43,1,0,6.0,0
0,0,1,1.12,1,15,6.0,0
1,0,0,5.0,0,19,4.0,1
0,1,0,2.97,0,8,0.0,1
0,1,0,0.91,1,4,6.0,0
0,0,1,1.19,1,3,1.0,0
0,1,0,2.0,0,12,6.0,1
1,0,0,2.43,0,6,5.0,1
0,1,0,0.3,1,0,6.0,0
1,0,0,3.51,0,11,2.0,1
0,1,0,0.14,1,15,6.0,0
0,0,1,2.19,0,8,0.0,1
0,0,1,2.06,0,11,4.0,1
1,0,0,0.06,1,14,6.0,0
1,0,0,2.99,0,6,3.0,1
1,0,0,1.87,0,14,6.0,1
0,1,0,5.0,0,15,3.0,1
0,0,1,1.48,1,18,6.0,0
0,0,1,5.0,0,3,3.0,1
0,0,1,5.0,0,11,3.0,1
0,1,0,0.92,1,8,6.0,0
0,0,1,1.53,1,10,6.0,0
0,0,1,2.9,0,4,0.0,1
0,1,0,1.64,0,15,1.0,1
0,0,1,0.88,1,8,6.0,0
1,0,0,5.0,0,13,3.0,1
0,1,0,0.39,1,0,6.0,0
1,0,0,4.82,0,13,3.0,1
0,0,1,1.59,0,6,6.0,1
0,1,0,1.76,0,17,5.0,1
0,0,1,5.0,0,5,4.0,1
0,1,0,3.51,0,17,1.0,1
0,0,1,1.34,1,5,6.0,0
0,0,1,0.08,1,12,6.0,0
1,0,0,3.37,0,17,0.0,1
0,0,1,1.87,0,15,2.0,1
0,1,0,1.82,0,18,6.0,1
0,0,1,2.37,0,6,4.0,1
0,0,1,2.45,0,4,3.0,1
1,0,0,2.57,0,9,5.0,1
0,0,1,0.64,1,2,6.0,0
1,0,0,5.0,0,5,2.0,1
0,0,1,1.36,0,9,6.0,1
0,0,1,0.19,1,18,6.0,0
0,0,1,2.24,0,2,6.0,1
0,1,0,2.84,1,9,1.0,0
0,0,1,5.0,0,18,6.0,1
0,1,0,0.25,1,16,6.0,0
1,0,0,3.54,0,0,5.0,1
0,0,1,1.09,1,0,6.0,0
0,0,1,2.49,0,19,4.0,1
0,1,0,3.71,0,5,1.0,1
0,1,0,3.43,0,4,6.0,0
1,0,0,5.0,0,4,5.0,1
0,0,1,0.16,1,4,6.0,0
0,1,0,2.41,0,14,2.0,1
0,0,1,3.41,0,15,5.0,1
0,1,0,2.08,0,13,6.0,1
1,0,0,4.9,0,5,3.0,1
1,0,0,0.0,1,2,6.0,0
1,0,0,0.38,1,0,6.0,0
0,1,0,1.41,1,10,6.0,0
1,0,0,0.07,1,8,6.0,0
0,0,1,0.43,1,16,6.0,0
1,0,0,2.42,0,19,1.0,1
1,0,0,4.52,0,8,6.0,1
0,1,0,0.53,1,1,6.0,0
0,1,0,0.12,1,10,6.0,0
0,1,0,2.43,1,10,6.0,0
1,0,0,1.57,1,11,6.0,0
0,1,0,5.0,0,1,3.0,0
1,0,0,2.97,0,10,3.0,1
0,1,0,1.91,0,7,6.0,1
1,0,0,2.24,0,4,6.0,1
0,1,0,1.52,1,15,6.0,0
1,0,0,1.8,1,16,6.0,0
0,1,0,1.95,0,2,2.0,0
1,0,0,2.38,0,18,1.0,1
0,1,0,3.97,0,5,1.0,1
0,0,1,2.72,0,10,2.0,1
0,0,1,1.74,0,18,6.0,1
0,0,1,3.02,0,12,6.0,1
0,0,1,2.63,0,1,6.0,1
0,1,0,0.16,1,8,6.0,0
0,1,0,0.13,1,1,6.0,0
1,0,0,2.09,1,15,6.0,0
1,0,0,5.0,0,4,1.0,1
0,1,0,1.82,0,18,2.0,1
1,0,0,0.92,1,1,6.0,0
1,0,0,1.59,0,9,6.0,1
0,0,1,2.19,0,1,6.0,1
1,0,0,2.67,0,18,6.0,1
0,0,1,0.06,1,4,6.0,0
0,0,1,0.3,1,9,6.0,0
0,1,0,1.57,0,6,6.0,1
0,0,1,1.56,1,15,1.0,0
0,1,0,4.57,0,4,1.0,0
0,0,1,1.28,1,1,6.0,0
0,0,1,1.17,1,17,6.0,0
0,0,1,1.92,0,15,1.0,1
0,1,0,4.85,0,4,1.0,0
0,1,0,2.74,0,1,5.0,0
0,1,0,1.59,0,2,6.0,0
0,0,1,1.27,0,15,0.0,1
1,0,0,2.98,0,18,3.0,1
0,0,1,1.02,1,19,6.0,0
1,0,0,2.3,0,9,1.0,1
0,1,0,0.99,1,6,6.0,0
0,0,1,2.12,0,6,1.0,1
0,1,0,5.0,0,19,3.0,1
0,1,0,4.9,0,11,6.0,1
1,0,0,1.19,0,6,3.0,1
1,0,0,0.82,1,1,6.0,0
0,1,0,5.0,0,0,0.0,0
0,1,0,1.59,0,4,1.0,0
1,0,0,1.71,0,12,2.0,1
0,0,1,2.81,0,9,6.0,1
0,0,1,3.18,0,18,2.0,1
1,0,0,5.0,0,12,6.0,1
0,1,0,1.84,0,13,4.0,1
0,1,0,1.23,0,4,1.0,0
0,1,0,2.19,0,0,1.0,0
0,0,1,2.47,0,5,3.0,1
0,0,1,0.08,1,13,6.0,0
0,1,0,2.39,0,1,6.0,0
1,0,0,4.23,0,9,1.0,1
0,0,1,1.75,1,9,6.0,0
0,1,0,2.81,0,17,1.0,1
1,0,0,1.47,0,5,1.0,1
1,0,0,3.84,0,15,6.0,1
1,0,0,1.19,1,6,6.0,0
1,0,0,4.91,0,16,1.0,1
0,0,1,2.15,0,3,2.0,1
1,0,0,1.39,1,16,6.0,0
0,0,1,3.88,0,6,1.0,1
0,0,1,0.12,1,10,6.0,0
1,0,0,1.22,1,1,6.0,0
0,0,1,2.11,0,17,4.0,1
0,0,1,0.2,1,5,6.0,0
0,1,0,1.2,1,13,6.0,0
0,0,1,1.91,0,4,4.0,1
0,0,1,3.16,0,8,2.0,1
1,0,0,4.58,0,8,3.0,1
0,1,0,1.37,1,19,6.0,0
0,1,0,5.0,0,12,0.0,1
0,1,0,2.15,0,6,5.0,1
1,0,0,1.67,0,10,1.0,1
1,0,0,4.02,0,0,6.0,1
0,0,1,5.0,0,12,5.0,1
0,0,1,2.22,0,1,2.0,1
0,0,1,2.17,0,19,4.0,1
0,0,1,2.32,0,8,1.0,1
0,0,1,4.72,0,11,1.0,1
1,0,0,1.24,1,18,6.0,0
0,0,1,4.02,0,10,4.0,1
1,0,0,0.02,1,1,6.0,0
0,0,1,0.6,1,10,6.0,0
1,0,0,2.46,0,18,0.0,1
0,0,1,0.4,1,2,6.0,0
0,0,1,0.52,1,7,6.0,0
0,0,1,3.53,0,7,1.0,1
1,0,0,5.0,0,11,4.0,1
1,0,0,2.54,0,0,2.0,1
0,1,0,3.42,0,1,0.0,0
0,0,1,0.03,1,6,6.0,0
0,0,1,1.57,0,16,3.0,1
0,0,1,2.27,0,15,1.0,1
0,1,0,2.95,0,5,5.0,1
0,1,0,0.75,1,18,6.0,0
0,0,1,4.49,0,2,0.0,1
1,0,0,5.0,0,3,3.0,1
0,1,0,1.68,0,9,2.0,1
0,0,1,0.96,1,4,6.0,0
1,0,0,0.22,1,18,6.0,0
1,0,0,1.59,1,5,6.0,0
0,0,1,3.19,0,12,1.0,1
1,0,0,2.41,0,16,0.0,1
1,0,0,0.12,1,1,6.0,0
1,0,0,2.67,0,12,1.0,1
0,0,1,2.13,0,14,4.0,1
0,1,0,0.74,1,18,6.0,0
1,0,0,0.5,1,3,6.0,0
0,1,0,0.26,1,14,6.0,0
1,0,0,0.34,1,10,6.0,0
1,0,0,2.61,0,10,1.0,1
0,1,0,3.47,0,6,0.0,1
1,0,0,1.12,1,8,6.0,0
0,0,1,1.09,0,6,6.0,1
0,1,0,2.31,0,1,6.0,0
1,0,0,2.48,1,8,6.0,0
1,0,0,4.36,0,8,2.0,1
0,1,0,0.92,1,13,6.0,0
1,0,0,1.24,0,8,1.0,1
0,1,0,5.0,0,18,1.0,1
0,1,0,0.5,1,19,6.0,0
0,0,1,1.69,0,4,6.0,1
0,0,1,0.68,1,19,6.0,0
1,0,0,1.3,0,2,5.0,1
1,0,0,3.66,0,11,0.0,1
0,1,0,0.47,1,11,6.0,0
0,0,1,0.96,1,5,6.0,0
0,1,0,1.3,1,0,6.0,0
1,0,0,5.0,0,6,2.0,1
0,0,1,2.52,0,14,0.0,1
0,1,0,2.6,0,12,1.0,1
1,0,0,4.95,0,18,2.0,1
1,0,0,1.63,0,15,6.0,1
0,0,1,0.19,1,5,6.0,0
1,0,0,4.55,0,11,3.0,1
0,0,1,2.55,0,7,2.0,1
0,1,0,5.0,0,8,5.0,1
1,0,0,0.62,1,17,6.0,0
0,0,1,1.13,1,7,6.0,0
0,1,0,5.0,0,9,5.0,1
0,0,1,2.52,0,2,1.0,1
0,1,0,2.41,1,2,6.0,0
1,0,0,0.12,1,14,6.0,0
1,0,0,5.0,0,2,2.0,1
0,1,0,0.11,1,0,6.0,0
0,1,0,4.87,0,5,2.0,1
0,0,1,4.19,0,9,3.0,1
0,0,1,1.35,1,12,6.0,0
1,0,0,1.21,1,18,6.0,0
0,1,0,0.35,1,3,6.0,0
1,0,0,1.64,0,8,1.0,1
0,1,0,0.53,1,15,6.0,0
1,0,0,2.0,0,5,1.0,1
1,0,0,4.66,0,19,3.0,1
1,0,0,2.61,0,11,2.0,1
1,0,0,5.0,0,0,1.0,1
0,1,0,0.1,1,0,6.0,0
0,0,1,0.12,1,11,6.0,0
1,0,0,4.82,0,1,3.0,1
0,0,1,1.72,1,9,6.0,0
1,0,0,0.99,1,10,6.0,0
0,0,1,1.89,0,13,2.0,1
0,0,1,1.02,1,12,6.0,0
0,1,0,1.61,1,1,6.0,0
1,0,0,0.58,1,18,6.0,0
0,1,0,5.0,0,2,2.0,0
0,1,0,5.0,0,16,0.0,1
1,0,0,2.61,0,1,2.0,1
0,1,0,5.0,0,4,1.0,0
1,0,0,1.02,1,8,6.0,0
0,0,1,1.06,1,2,1.0,0
1,0,0,2.76,0,3,6.0,1
0,0,1,2.04,0,4,6.0,1
0,1,0,2.39,0,8,1.0,1
1,0,0,3.84,1,0,6.0,0
0,1,0,3.24,0,0,3.0,0
0,1,0,0.97,1,13,6.0,0
0,1,0,0.72,1,11,6.0,0
0,1,0,0.68,1,13,6.0,0
0,0,1,1.91,1,13,6.0,0
0,1,0,2.56,0,15,0.0,1
1,0,0,1.64,0,10,3.0,1
0,1,0,5.0,1,0,1.0,0
0,0,1,1.76,1,17,6.0,0
1,0,0,5.0,0,7,3.0,1
0,0,1,0.27,1,9,6.0,0
0,0,1,2.53,0,14,1.0,1
0,1,0,5.0,0,7,4.0,1
0,1,0,0.56,1,1,6.0,0
0,1,0,2.56,0,17,1.0,1
0,0,1,5.0,0,10,6.0,1
1,0,0,2.24,0,0,2.0,1
0,1,0,5.0,0,17,0.0,1
0,1,0,0.76,1,11,6.0,0
1,0,0,2.21,0,10,6.0,1
0,0,1,0.33,1,13,6.0,0
0,0,1,1.99,0,3,4.0,1
0,0,1,1.86,0,18,4.0,1
1,0,0,0.82,1,0,6.0,0
0,1,0,5.0,0,5,3.0,1
0,0,1,2.32,0,6,2.0,1
0,0,1,4.69,0,6,1.0,1
0,0,1,0.77,1,2,6.0,0
1,0,0,3.18,0,0,6.0,1
0,0,1,3.09,0,7,2.0,1
0,0,1,1.56,0,7,0.0,1
1,0,0,0.07,1,2,6.0,0
1,0,0,3.02,0,18,2.0,1
0,1,0,2.38,0,10,4.0,1
0,0,1,2.76,0,15,3.0,1
1,0,0,5.0,0,8,5.0,1
1,0,0,2.49,0,8,1.0,1
1,0,0,0.02,1,5,6.0,0
0,1,0,1.56,1,11,6.0,0
0,0,1,2.49,1,2,6.0,0
0,1,0,2.91,0,17,1.0,1
1,0,0,3.65,0,6,2.0,1
1,0,0,3.62,0,11,6.0,1
1,0,0,2.77,0,17,2.0,1
0,1,0,1.13,1,16,6.0,0
0,1,0,1.18,1,9,6.0,0
1,0,0,0.66,1,4,6.0,0
1,0,0,5.0,0,17,1.0,1
1,0,0,1.22,1,19,1.0,0
0,0,1,0.32,1,16,6.0,0
0,1,0,0.96,1,19,6.0,0
0,1,0,4.2,0,4,0.0,0
1,0,0,5.0,0,9,0.0,1
0,0,1,1.49,1,11,6.0,0
1,0,0,2.25,0,9,3.0,1
0,0,1,2.28,0,17,5.0,1
1,0,0,3.41,0,8,1.0,1
0,0,1,0.54,1,9,6.0,0
1,0,0,0.01,1,18,6.0,0
0,1,0,2.16,0,18,6.0,1
0,1,0,0.61,1,13,6.0,0
0,0,1,0.32,1,1,6.0,0
0,1,0,3.77,0,3,0.0,0
0,1,0,1.11,1,8,6.0,0
0,0,1,5.0,0,8,6.0,1
0,0,1,3.11,0,5,4.0,1
0,1,0,5.0,1,13,6.0,0
0,0,1,1.03,1,9,6.0,0
0,0,1,0.37,1,0,6.0,0
0,1,0,3.57,0,14,6.0,1
0,0,1,3.57,0,10,2.0,1
0,0,1,3.81,0,8,2.0,1
1,0,0,3.8,0,14,4.0,1
0,1,0,1.91,0,0,1.0,0
0,0,1,2.17,0,1,6.0,1
0,1,0,0.56,1,2,6.0,0
0,1,0,3.3,0,5,5.0,1
0,0,1,1.83,0,16,6.0,1
0,0,1,2.59,0,19,1.0,1
1,0,0,2.65,0,3,0.0,1
1,0,0,1.57,0,2,1.0,1
0,0,1,5.0,0,8,4.0,1
0,0,1,0.22,1,10,6.0,0
0,1,0,2.72,0,6,4.0,1
1,0,0,2.85,0,10,6.0,1
0,1,0,4.15,0,2,1.0,0
1,0,0,1.59,1,10,1.0,0
1,0,0,0.95,1,10,6.0,0
0,1,0,2.46,0,13,3.0,1
0,1,0,1.91,0,17,2.0,1
0,0,1,2.5,0,6,4.0,1
1,0,0,2.03,0,19,3.0,1
0,0,1,0.29,1,15,6.0,0
0,0,1,2.06,0,10,6.0,1
0,1,0,0.81,1,8,6.0,0
0,1,0,2.21,0,2,6.0,0
1,0,0,5.0,1,2,2.0,0
0,1,0,3.26,0,5,0.0,1
0,1,0,0.46,1,19,6.0,0
0,1,0,0.19,1,8,6.0,0
0,1,0,1.12,1,3,1.0,0
1,0,0,4.52,0,17,2.0,1
0,1,0,3.61,0,17,1.0,1
0,1,0,5.0,0,5,5.0,1
1,0,0,2.54,0,0,6.0,1
1,0,0,5.0,0,10,5.0,1
1,0,0,2.08,1,3,6.0,0
0,0,1,5.0,0,13,6.0,1
1,0,0,0.54,1,19,6.0,0
1,0,0,0.18,1,7,6.0,0
0,1,0,5.0,0,6,2.0,1
0,0,1,2.16,0,14,6.0,1
0,1,0,1.24,1,10,6.0,0
0,1,0,1.16,1,17,6.0,0
0,1,0,3.09,0,17,5.0,1
0,1,0,0.21,1,19,6.0,0
1,0,0,1.35,1,18,6.0,0
1,0,0,1.06,1,3,6.0,0
1,0,0,0.36,1,3,6.0,0
1,0,0,1.21,1,14,6.0,0
0,1,0,0.32,1,15,6.0,0
1,0,0,1.84,1,7,6.0,0
1,0,0,1.36,1,6,6.0,0
1,0,0,2.42,0,6,2.0,1
0,1,0,5.0,0,0,1.0,0
1,0,0,3.13,0,8,4.0,1
0,1,0,3.97,0,19,2.0,1
0,0,1,5.0,0,8,0.0,1
0,0,1,2.56,0,15,6.0,1
1,0,0,5.0,0,17,5.0,1
0,0,1,4.81,0,14,1.0,1
1,0,0,0.83,1,15,6.0,0
0,1,0,0.08,1,16,6.0,0
1,0,0,2.14,0,14,6.0,1
0,0,1,5.0,1,6,6.0,0
0,0,1,3.16,0,9,6.0,1
0,1,0,2.39,0,17,1.0,1
1,0,0,4.23,0,14,3.0,1
0,1,0,0.77,1,4,6.0,0
1,0,0,5.0,0,9,2.0,1
0,1,0,5.0,0,17,2.0,1
0,1,0,2.96,0,12,4.0,1
0,0,1,1.54,0,17,5.0,1
0,1,0,5.0,1,11,6.0,0
0,0,1,2.45,0,1,1.0,1
0,0,1,2.33,0,11,3.0,1
0,1,0,0.32,1,3,6.0,0
0,0,1,1.07,1,2,6.0,0
0,1,0,4.82,0,7,1.0,1
0,1,0,0.5,1,13,6.0,0
1,0,0,1.48,1,0,6.0,0
0,0,1,4.43,0,12,0.0,1
0,1,0,4.3,0,3,0.0,0
1,0,0,2.83,0,18,5.0,1
0,1,0,2.39,0,4,5.0,0
0,0,1,5.0,0,13,2.0,1
1,0,0,1.07,1,19,6.0,0
0,1,0,3.01,0,2,6.0,0
0,0,1,3.34,0,18,1.0,1
0,0,1,2.89,0,8,4.0,1
0,1,0,3.76,0,2,6.0,0
0,0,1,5.0,0,2,1.0,1
0,0,1,1.93,0,11,6.0,1
1,0,0,0.33,1,17,6.0,0
1,0,0,4.43,0,4,3.0,1
0,1,0,1.25,1,11,1.0,0
0,0,1,2.92,1,14,6.0,0
1,0,0,1.67,1,3,5.0,0
0,0,1,1.74,0,13,2.0,1
1,0,0,2.43,0,13,1.0,1
0,0,1,0.7,1,2,6.0,0
0,1,0,1.45,0,5,1.0,1
1,0,0,2.37,0,19,2.0,1
0,0,1,1.94,0,3,6.0,1
1,0,0,0.3,1,6,6.0,0
0,0,1,2.37,0,17,6.0,1
0,0,1,4.04,0,2,0.0,1
0,0,1,2.44,0,19,5.0,1
0,0,1,2.73,0,16,3.0,1
0,1,0,0.9,1,9,6.0,0
0,0,1,0.88,1,1,6.0,0
0,1,0,4.05,0,17,2.0,1
1,0,0,0.74,1,3,6.0,0
0,1,0,3.88,1,10,5.0,0
1,0,0,4.2,0,7,0.0,1
1,0,0,5.0,0,2,6.0,1
1,0,0,0.53,1,6,6.0,0
0,1,0,1.68,1,12,1.0,0
0,1,0,5.0,0,2,1.0,0
1,0,0,1.79,0,8,1.0,1
1,0,0,5.0,0,11,2.0,1
0,1,0,5.0,0,11,1.0,1
0,0,1,3.56,0,3,1.0,1
1,0,0,3.23,0,14,2.0,1
0,1,0,3.73,0,14,1.0,1
1,0,0,1.73,0,8,2.0,1
0,0,1,0.65,1,8,6.0,0
0,1,0,1.13,1,12,6.0,0
0,1,0,2.08,0,0,5.0,0
0,0,1,0.83,1,4,6.0,0
0,0,1,4.43,0,18,1.0,1
0,1,0,5.0,0,0,2.0,0
1,0,0,1.83,0,5,0.0,1
0,1,0,0.6,1,3,6.0,0
0,1,0,3.56,0,1,0.0,0
0,0,1,1.82,0,15,6.0,1
0,1,0,1.82,0,14,0.0,1
1,0,0,2.01,0,16,6.0,1
0,0,1,1.64,1,7,5.0,0
0,1,0,0.21,1,17,6.0,0
0,0,1,3.92,0,14,0.0,1
0,1,0,3.24,0,11,1.0,1
1,0,0,2.89,0,10,4.0,1
1,0,0,0.82,1,5,6.0,0
1,0,0,5.0,0,2,4.0,1
0,1,0,2.17,0,6,1.0,1
0,0,1,1.02,1,1,6.0,0
0,1,0,0.93,1,0,6.0,0
1,0,0,4.57,1,3,6.0,0
1,0,0,2.17,0,13,6.0,1
0,0,1,2.1,0,3,5.0,1
0,0,1,1.27,1,16,6.0,0
0,0,1,1.79,0,14,2.0,1
0,0,1,1.49,1,16,5.0,0
1,0,0,2.75,0,15,2.0,1
0,1,0,1.59,0,6,0.0,1
1,0,0,1.15,1,12,6.0,0
1,0,0,1.31,0,17,3.0,1
1,0,0,4.21,0,16,3.0,1
0,0,1,0.24,1,2,6.0,0
0,1,0,1.34,1,5,6.0,0
1,0,0,5.0,0,11,0.0,1
0,0,1,0.81,1,17,6.0,0
0,1,0,0.37,1,0,6.0,0
0,1,0,0.68,1,14,6.0,0
1,0,0,1.07,1,17,6.0,0
0,0,1,0.5,1,11,6.0,0
1,0,0,0.77,1,9,6.0,0
0,1,0,4.74,0,16,6.0,1
1,0,0,0.76,1,16,6.0,0
0,1,0,0.22,1,13,6.0,0
0,1,0,5.0,0,17,4.0,1
0,0,1,2.18,0,19,2.0,1
0,1,0,1.78,0,9,0.0,1
0,1,0,1.55,1,19,6.0,0
0,1,0,0.53,1,0,6.0,0
1,0,0,3.22,0,13,2.0,1
1,0,0,3.72,0,12,1.0,1
0,0,1,1.86,0,15,6.0,1
0,0,1,0.08,1,17,6.0,0
1,0,0,3.89,0,1,4.0,1
0,0,1,3.01,0,15,4.0,1
0,1,0,0.77,1,0,6.0,0
1,0,0,3.49,0,5,6.0,1
0,1,0,2.08,0,7,3.0,1
1,0,0,0.28,1,4,6.0,0
1,0,0,4.3,0,3,1.0,1
1,0,0,2.13,0,5,6.0,1
1,0,0,2.0,0,17,1.0,1
0,1,0,2.05,0,13,4.0,1
1,0,0,4.24,0,8,1.0,1
0,0,1,5.0,0,2,3.0,1
0,0,1,1.05,1,7,6.0,0
0,1,0,0.91,1,1,6.0,0
1,0,0,5.0,1,18,6.0,0
0,0,1,0.75,1,13,6.0,0
1,0,0,1.19,0,19,3.0,1
0,1,0,1.66,0,3,4.0,0
1,0,0,1.0,1,13,-556.0,0
1,0,0,0.51,1,14,6.0,0
1,0,0,3.19,0,19,1.0,1
0,1,0,5.0,0,13,2.0,1
1,0,0,3.73,0,11,0.0,1
0,0,1,5.0,0,13,4.0,1
1,0,0,1.14,1,2,6.0,0
0,1,0,3.32,0,18,6.0,1
0,0,1,0.71,1,13,6.0,0
0,1,0,2.64,0,8,1.0,1
0,0,1,1.21,1,8,3.0,0
0,1,0,4.75,0,5,1.0,1
0,1,0,1.31,1,14,4.0,0
0,1,0,3.0,0,4,4.0,0
1,0,0,4.52,0,11,1.0,1
0,0,1,0.48,1,5,6.0,0
0,0,1,0.81,1,8,6.0,0
0,0,1,2.65,0,13,6.0,1
1,0,0,2.77,0,11,1.0,1
0,0,1,0.59,1,6,6.0,0
0,1,0,2.4,0,18,1.0,1
0,1,0,1.76,0,4,6.0,0
1,0,0,0.73,1,13,6.0,0
0,0,1,1.53,0,10,4.0,1
1,0,0,2.49,0,2,2.0,1
0,0,1,4.36,0,4,5.0,1
0,1,0,5.0,0,6,0.0,1
0,0,1,2.26,1,12,6.0,0
0,0,1,3.39,0,4,3.0,1
0,0,1,1.73,0,0,1.0,1
0,0,1,1.36,0,16,1.0,1
0,0,1,0.21,1,18,6.0,0
0,1,0,1.27,1,17,6.0,0
0,0,1,0.33,1,10,6.0,0
0,0,1,5.0,0,11,1.0,1
0,1,0,2.06,0,5,6.0,1
0,0,1,3.97,0,17,1.0,1
0,0,1,2.15,1,13,6.0,0
1,0,0,1.81,0,14,3.0,1
0,1,0,0.94,1,7,6.0,0
0,0,1,2.56,0,13,5.0,1
1,0,0,0.7,1,11,6.0,0
1,0,0,2.94,0,18,1.0,1
0,1,0,5.0,0,2,0.0,0
1,0,0,1.87,0,7,6.0,1
0,0,1,5.0,0,19,1.0,1
1,0,0,1.12,1,4,6.0,0
0,1,0,2.37,0,8,3.0,1
0,1,0,3.65,0,13,3.0,1
0,0,1,4.65,0,15,3.0,1
0,0,1,0.71,1,16,6.0,0
1,0,0,4.34,1,10,6.0,0
0,0,1,0.33,1,11,6.0,0
1,0,0,2.18,0,9,6.0,1
0,1,0,0.19,1,13,6.0,0
1,0,0,2.21,0,9,2.0,1
0,1,0,3.92,0,7,4.0,1
1,0,0,3.11,0,17,2.0,1
1,0,0,0.56,1,10,6.0,0
0,1,0,2.97,0,15,1.0,1
1,0,0,4.17,0,11,1.0,1
1,0,0,1.41,1,2,6.0,0
0,0,1,2.49,0,2,3.0,1
0,1,0,2.61,0,2,0.0,0
0,1,0,2.37,0,13,4.0,1
0,1,0,3.58,0,19,6.0,1
0,0,1,0.15,1,14,6.0,0
0,0,1,4.87,0,5,6.0,1
1,0,0,5.0,0,13,1.0,1
0,0,1,2.41,0,7,3.0,1
0,0,1,3.51,0,3,1.0,1
1,0,0,4.43,0,17,1.0,1
0,0,1,1.67,0,17,6.0,1
1,0,0,1.92,0,18,3.0,1
0,1,0,5.0,0,19,5.0,1
0,1,0,3.4,0,15,2.0,1
0,1,0,1.24,1,9,6.0,0
0,0,1,0.41,1,7,6.0,0
0,1,0,2.09,0,8,6.0,1
1,0,0,2.89,0,6,2.0,1
0,0,1,4.67,0,5,1.0,1
0,1,0,5.0,0,1,0.0,0
0,0,1,3.9,1,11,6.0,0
1,0,0,0.09,1,1,6.0,0
0,0,1,1.51,0,12,6.0,1
1,0,0,5.0,1,19,6.0,0
1,0,0,0.93,1,6,6.0,0
0,1,0,2.85,0,2,4.0,0
0,0,1,5.0,0,6,3.0,1
0,1,0,0.32,1,0,6.0,0
1,0,0,1.83,0,14,2.0,1
0,1,0,1.69,0,7,6.0,1
1,0,0,2.74,0,18,6.0,1
1,0,0,2.12,0,16,4.0,1
0,0,1,0.94,1,5,6.0,0
0,0,1,1.55,0,12,6.0,1
1,0,0,1.52,0,13,1.0,1
0,1,0,1.77,0,3,1.0,0
0,1,0,5.0,0,13,4.0,1
1,0,0,1.32,1,13,6.0,0
0,0,1,1.52,0,6,4.0,1
1,0,0,1.98,0,8,3.0,1
0,0,1,0.16,1,1,6.0,0
0,0,1,5.0,0,17,4.0,1
1,0,0,1.72,0,0,3.0,1
0,0,1,1.92,0,0,5.0,1
0,0,1,2.93,0,3,0.0,1
0,1,0,1.7,0,6,6.0,1
0,1,0,3.1,0,14,1.0,1
0,0,1,3.96,0,3,3.0,1
0,1,0,0.29,1,17,6.0,0
0,0,1,3.74,0,17,0.0,1
1,0,0,4.07,0,5,1.0,1
0,1,0,3.44,0,2,6.0,0
0,1,0,4.98,0,8,6.0,1
0,0,1,1.7,1,9,6.0,0
0,1,0,1.83,0,0,6.0,0
0,0,1,2.66,0,5,1.0,1
0,0,1,2.65,0,3,5.0,1
0,1,0,2.01,0,1,0.0,0
0,0,1,0.21,1,19,6.0,0
0,1,0,0.67,1,9,6.0,0
1,0,0,2.58,0,15,2.0,1
0,1,0,0.47,1,13,6.0,0
1,0,0,2.6,0,2,4.0,1
0,1,0,2.59,1,1,6.0,0
1,0,0,1.79,0,15,5.0,1
1,0,0,2.0,0,11,4.0,1
0,0,1,1.7,0,15,3.0,1
0,0,1,5.0,0,4,2.0,1
0,1,0,0.94,1,9,6.0,0
0,0,1,0.7,1,5,6.0,0
0,0,1,2.5,0,18,4.0,1
1,0,0,2.62,0,2,3.0,1
0,0,1,1.73,0,8,3.0,1
0,0,1,0.19,1,7,6.0,0
1,0,0,2.12,0,10,5.0,1
0,1,0,0.72,1,1,6.0,0
0,1,0,4.92,0,14,3.0,1
0,1,0,5.0,0,3,0.0,0
0,1,0,0.53,1,19,6.0,0
0,0,1,0.43,1,15,6.0,0
0,1,0,1.83,0,3,4.0,0
1,0,0,1.17,0,11,6.0,1
0,1,0,4.2,0,3,2.0,0
0,1,0,2.92,0,2,3.0,0
0,0,1,2.03,0,15,4.0,1
0,1,0,2.28,0,19,6.0,1
0,0,1,1.21,1,1,6.0,0
0,0,1,2.24,0,11,4.0,1
0,0,1,3.49,0,5,3.0,1
1,0,0,4.46,0,18,2.0,1
0,1,0,5.0,0,11,3.0,1
0,0,1,2.63,0,4,4.0,1
0,0,1,0.9,1,12,6.0,0
0,1,0,2.04,0,14,1.0,1
0,0,1,2.38,0,5,6.0,1
0,0,1,5.0,0,17,0.0,1
0,0,1,4.96,0,18,1.0,1
1,0,0,1.57,1,14,6.0,0
1,0,0,0.28,1,2,6.0,0
1,0,0,1.52,0,2,3.0,1
1,0,0,5.0,0,19,2.0,1
0,1,0,0.21,1,18,6.0,0
0,0,1,1.27,1,17,6.0,0
1,0,0,3.12,0,18,6.0,1
0,0,1,5.0,0,13,0.0,1
0,0,1,5.0,0,0,0.0,1
0,1,0,0.04,1,16,6.0,0
0,0,1,0.8,1,19,6.0,0
1,0,0,0.31,1,0,6.0,0
0,0,1,3.32,0,12,1.0,1
0,1,0,4.52,0,6,6.0,1
0,1,0,0.54,1,8,6.0,0
0,1,0,2.93,0,1,0.0,0
0,1,0,1.63,1,10,6.0,0
1,0,0,1.78,1,4,6.0,0
0,1,0,1.34,1,4,6.0,0
0,0,1,2.39,0,11,2.0,1
1,0,0,3.8,0,12,3.0,1
1,0,0,0.76,1,0,6.0,0
1,0,0,5.0,0,19,0.0,1
0,0,1,2.56,0,0,1.0,1
0,0,1,2.12,0,1,6.0,1
0,1,0,0.22,1,12,6.0,0
0,1,0,1.59,1,17,6.0,0
0,1,0,1.84,1,16,3.0,0
0,0,1,3.04,0,7,2.0,1
1,0,0,1.21,0,14,3.0,1
0,1,0,5.0,0,17,6.0,1
0,0,1,1.18,0,6,5.0,1
0,1,0,1.32,1,8,6.0,0
0,0,1,4.28,0,7,1.0,1
0,0,1,0.81,1,6,6.0,0
0,1,0,1.88,0,0,2.0,0
0,0,1,0.08,1,16,6.0,0
0,0,1,3.27,0,10,3.0,1
1,0,0,1.87,0,10,2.0,1
1,0,0,5.0,0,15,0.0,1
0,1,0,1.23,0,12,6.0,1
0,0,1,2.31,0,15,4.0,1
0,1,0,2.68,0,16,2.0,1
1,0,0,2.53,0,16,1.0,1
0,1,0,1.47,0,8,2.0,1
0,1,0,1.42,1,3,5.0,0
0,0,1,2.25,1,1,6.0,0
0,0,1,1.66,0,14,5.0,1
1,0,0,0.76,1,1,6.0,0
1,0,0,4.41,0,9,6.0,1
0,1,0,1.95,0,2,0.0,0
1,0,0,1.88,0,3,1.0,1
0,0,1,1.83,0,3,0.0,1
0,0,1,4.31,0,11,0.0,1
0,1,0,1.12,1,19,6.0,0
0,1,0,5.0,0,1,1.0,0
0,0,1,3.44,0,1,1.0,1
1,0,0,4.6,0,8,0.0,1
0,0,1,1.06,1,15,6.0,0
0,0,1,3.53,0,14,6.0,1
0,1,0,0.41,1,9,6.0,0
0,0,1,2.36,0,18,3.0,1
0,0,1,2.1,0,18,6.0,1
0,1,0,4.07,0,19,0.0,1
1,0,0,4.35,0,10,6.0,1
0,1,0,5.0,0,11,5.0,1
0,0,1,0.64,1,0,6.0,0
0,0,1,1.96,0,9,1.0,1
0,1,0,4.55,0,18,6.0,1
0,0,1,0.2,1,3,6.0,0
0,1,0,2.81,0,5,4.0,1
0,1,0,3.16,0,2,5.0,0
0,0,1,1.73,1,14,6.0,0
0,0,1,2.7,0,18,5.0,1
0,1,0,1.63,0,5,6.0,1
1,0,0,1.55,0,1,1.0,1
0,1,0,1.53,1,6,6.0,0
1,0,0,2.19,0,11,2.0,1
0,0,1,5.0,0,19,3.0,1
0,1,0,5.0,0,13,6.0,1
0,1,0,2.34,0,10,0.0,1
1,0,0,1.44,1,8,5.0,0
0,0,1,5.0,0,8,2.0,1
0,0,1,0.51,1,0,6.0,0
0,0,1,0.57,1,18,6.0,0
0,0,1,3.83,0,1,4.0,1
0,0,1,4.01,0,19,1.0,1
0,1,0,4.36,0,4,1.0,0
0,0,1,0.19,1,8,6.0,0
0,0,1,3.39,0,17,2.0,1
1,0,0,2.85,0,12,1.0,1
0,0,1,1.21,1,2,6.0,0
1,0,0,2.73,0,3,0.0,1
1,0,0,2.93,0,9,2.0,1
0,0,1,3.81,0,4,2.0,1
0,0,1,5.0,0,17,2.0,1
1,0,0,1.04,1,12,6.0,0
0,0,1,4.52,0,11,4.0,1
0,1,0,1.16,1,19,6.0,0
0,0,1,5.0,0,6,1.0,1
0,1,0,2.71,0,2,2.0,0
0,1,0,0.56,1,4,6.0,0
0,1,0,2.08,0,9,0.0,1
1,0,0,1.04,1,7,6.0,0
0,1,0,1.26,0,11,6.0,1
0,0,1,3.24,0,3,1.0,1
1,0,0,0.7,1,12,6.0,0
0,1,0,2.14,0,9,6.0,1
0,0,1,0.92,1,17,6.0,0
0,1,0,0.86,1,12,6.0,0
0,1,0,3.28,0,13,4.0,1
0,0,1,2.43,0,6,4.0,1
0,0,1,0.36,1,16,6.0,0
0,0,1,5.0,0,15,1.0,1
0,1,0,3.53,0,14,6.0,1
0,1,0,4.21,0,3,3.0,0
0,0,1,5.0,0,4,0.0,1
0,0,1,2.15,0,0,6.0,1
0,0,1,2.02,0,14,2.0,1
0,0,1,2.72,0,19,1.0,1
1,0,0,2.2,0,17,4.0,1
0,0,1,0.46,1,8,6.0,0
